0 499729 1.19935
1 499590 1.19902
2 499377 1.1985
3 499696 1.19927
4 499889 1.19973
5 499992 1.19998
6 499570 1.19897
7 500025 1.20006
8 500055 1.20013
9 499898 1.19976
10 499746 1.19939
11 499996 1.19999
12 500218 1.20052
13 500530 1.20127
14 499969 1.19993
15 499755 1.19941
16 499613 1.19907
17 499968 1.19992
18 500042 1.2001
19 499870 1.19969
20 500368 1.20088
21 499654 1.19917
22 499990 1.19998
23 500289 1.20069
24 500210 1.2005
25 500539 1.20129
26 500781 1.20187
27 499924 1.19982
28 500605 1.20145
29 500352 1.20084
30 500435 1.20104
31 500836 1.20201
32 500455 1.20109
33 499841 1.19962
34 499871 1.19969
35 499641 1.19914
36 499774 1.19946
37 499938 1.19985
38 500158 1.20038
39 500482 1.20116
40 500582 1.2014
41 500911 1.20219
42 500760 1.20182
43 500502 1.2012
44 500631 1.20151
45 500579 1.20139
46 500240 1.20058
47 500502 1.2012
48 500500 1.2012
49 500105 1.20025
50 500015 1.20004
51 499654 1.19917
52 499345 1.19843
53 499332 1.1984
54 498780 1.19707
55 498909 1.19738
56 499070 1.19777
57 499365 1.19848
58 499449 1.19868
59 499771 1.19945
60 499486 1.19877
61 499421 1.19861
62 499602 1.19904
63 500183 1.20044
64 500421 1.20101
65 500565 1.20136
66 500186 1.20045
67 499719 1.19933
68 499851 1.19964
69 499174 1.19802
70 499196 1.19807
71 499650 1.19916
72 499190 1.19806
73 499579 1.19899
74 499677 1.19922
75 499277 1.19826
76 499593 1.19902
77 499677 1.19922
78 499387 1.19853
79 499265 1.19824
80 499770 1.19945
81 500252 1.2006
82 500324 1.20078
83 500466 1.20112
84 500209 1.2005
85 500874 1.2021
86 501512 1.20363
87 500819 1.20197
88 500743 1.20178
89 499959 1.1999
90 499631 1.19911
91 499299 1.19832
92 498838 1.19721
93 498819 1.19717
94 498827 1.19718
95 498497 1.19639
96 498771 1.19705
97 499137 1.19793
98 498767 1.19704
99 499082 1.1978
100 498690 1.19686
101 498341 1.19602
102 498560 1.19654
103 499343 1.19842
104 499497 1.19879
105 499947 1.19987
106 499650 1.19916
107 499688 1.19925
108 499621 1.19909
109 499513 1.19883
110 499449 1.19868
111 498748 1.197
112 498732 1.19696
113 499169 1.19801
114 499519 1.19885
115 499527 1.19886
116 499928 1.19983
117 500275 1.20066
118 500269 1.20065
119 500481 1.20115
