0 524945 1.04989
1 543764 1.08753
2 557550 1.1151
3 568011 1.13602
4 575869 1.15174
5 582393 1.16479
6 586579 1.17316
7 589524 1.17905
8 592409 1.18482
9 594113 1.18823
10 595493 1.19099
11 596841 1.19368
12 597300 1.1946
13 598459 1.19692
14 598704 1.19741
15 599418 1.19884
16 599508 1.19902
17 599663 1.19933
18 599787 1.19957
19 599467 1.19893
20 599806 1.19961
21 599471 1.19894
22 599278 1.19856
23 599685 1.19937
24 599462 1.19892
25 599913 1.19983
26 600613 1.20123
27 599969 1.19994
28 600584 1.20117
29 600267 1.20053
30 600686 1.20137
31 601329 1.20266
32 600757 1.20151
33 600124 1.20025
34 600275 1.20055
35 600251 1.2005
36 600119 1.20024
37 600206 1.20041
38 599954 1.19991
39 600292 1.20058
40 599609 1.19922
41 600197 1.20039
42 600484 1.20097
43 599943 1.19989
44 599972 1.19994
45 599754 1.19951
46 599958 1.19992
47 600009 1.20002
48 600271 1.20054
49 599998 1.2
50 600006 1.20001
51 600101 1.2002
52 600196 1.20039
53 599766 1.19953
54 599108 1.19822
55 599341 1.19868
56 599246 1.19849
57 599390 1.19878
58 599670 1.19934
59 600343 1.20069
60 600017 1.20003
61 599828 1.19966
62 600013 1.20003
63 600257 1.20051
64 600272 1.20054
65 600350 1.2007
66 600550 1.2011
67 600306 1.20061
68 600390 1.20078
69 600418 1.20084
70 600401 1.2008
71 601102 1.2022
72 600956 1.20191
73 601028 1.20206
74 600688 1.20138
75 600222 1.20044
76 599899 1.1998
77 599599 1.1992
78 599550 1.1991
79 599335 1.19867
80 599833 1.19967
81 600286 1.20057
82 600391 1.20078
83 600515 1.20103
84 599884 1.19977
85 600069 1.20014
86 600520 1.20104
87 599848 1.1997
88 599369 1.19874
89 598936 1.19787
90 599071 1.19814
91 599560 1.19912
92 599691 1.19938
93 599918 1.19984
94 599834 1.19967
95 599312 1.19862
96 598879 1.19776
97 598789 1.19758
98 598553 1.19711
99 598869 1.19774
100 598811 1.19762
101 598094 1.19619
102 598367 1.19673
103 598816 1.19763
104 598867 1.19773
105 599455 1.19891
106 599234 1.19847
107 598979 1.19796
108 599130 1.19826
109 599023 1.19805
110 598932 1.19786
111 598367 1.19673
112 598031 1.19606
113 598594 1.19719
114 598677 1.19735
115 598630 1.19726
116 598825 1.19765
117 598996 1.19799
118 599328 1.19866
119 599921 1.19984
