0 524945 1.04989
1 543764 1.08753
2 557550 1.1151
3 568004 1.13601
4 575860 1.15172
5 582397 1.16479
6 586600 1.1732
7 589540 1.17908
8 592412 1.18482
9 594114 1.18823
10 595477 1.19095
11 596797 1.19359
12 597310 1.19462
13 598459 1.19692
14 598684 1.19737
15 599377 1.19875
16 599482 1.19896
17 599631 1.19926
18 599759 1.19952
19 599449 1.1989
20 599744 1.19949
21 599390 1.19878
22 599235 1.19847
23 599639 1.19928
24 599404 1.19881
25 599900 1.1998
26 600603 1.20121
27 599996 1.19999
28 600546 1.20109
29 600253 1.20051
30 600611 1.20122
31 601256 1.20251
32 600723 1.20145
33 600140 1.20028
34 600299 1.2006
35 600307 1.20061
36 600224 1.20045
37 600198 1.2004
38 599870 1.19974
39 600217 1.20043
40 599484 1.19897
41 600155 1.20031
42 600434 1.20087
43 599831 1.19966
44 599913 1.19983
45 599659 1.19932
46 599963 1.19993
47 600036 1.20007
48 600272 1.20054
49 599951 1.1999
50 600009 1.20002
51 600150 1.2003
52 600170 1.20034
53 599745 1.19949
54 599158 1.19832
55 599413 1.19883
56 599357 1.19871
57 599392 1.19878
58 599701 1.1994
59 600361 1.20072
60 600066 1.20013
61 599839 1.19968
62 600010 1.20002
63 600301 1.2006
64 600326 1.20065
65 600366 1.20073
66 600522 1.20104
67 600247 1.20049
68 600352 1.2007
69 600363 1.20073
70 600322 1.20064
71 601000 1.202
72 600935 1.20187
73 601030 1.20206
74 600653 1.20131
75 600245 1.20049
76 599903 1.19981
77 599651 1.1993
78 599555 1.19911
79 599269 1.19854
80 599738 1.19948
81 600296 1.20059
82 600393 1.20079
83 600537 1.20107
84 599916 1.19983
85 600048 1.2001
86 600490 1.20098
87 599926 1.19985
88 599436 1.19887
89 599038 1.19808
90 599088 1.19818
91 599615 1.19923
92 599601 1.1992
93 599866 1.19973
94 599877 1.19975
95 599427 1.19885
96 598979 1.19796
97 598859 1.19772
98 598629 1.19726
99 599015 1.19803
100 598921 1.19784
101 598187 1.19637
102 598395 1.19679
103 598688 1.19738
104 598865 1.19773
105 599389 1.19878
106 599223 1.19845
107 598997 1.19799
108 599092 1.19818
109 598956 1.19791
110 598915 1.19783
111 598350 1.1967
112 598039 1.19608
113 598573 1.19715
114 598680 1.19736
115 598657 1.19731
116 598825 1.19765
117 599004 1.19801
118 599405 1.19881
119 600029 1.20006
