1.20136
1344  1191  1251  1294  1245  1308  1187  1236  1218  1199  1272  1246  1242  1183  1289  1232  1242  1250  1271  1249  
1247  1291  1226  1251  1252  1256  1205  1236  1287  1259  1209  1269  1271  1283  1198  1296  1278  1250  1230  1224  
1292  1223  1275  1287  1191  1275  1265  1228  1171  1221  1292  1245  1251  1256  1187  1299  1250  1219  1265  1285  
1234  1264  1197  1300  1170  1295  1173  1286  1295  1241  1272  1259  1284  1210  1238  1246  1223  1310  1259  1292  
1276  1264  1303  1255  1250  1209  1206  1208  1285  1270  1220  1234  1277  1271  1251  1250  1207  1250  1261  1220  
1256  1198  1305  1297  1297  1178  1216  1238  1256  1224  1319  1243  1268  1293  1255  1232  1216  1242  1215  1210  
1262  1290  1256  1260  1283  1316  1246  1213  1272  1277  1252  1318  1238  1244  1192  1201  1267  1240  1312  1314  
1222  1271  1306  1364  1290  1258  1186  1217  1289  1240  1206  1242  1266  1241  1189  1289  1274  1251  1264  1236  
1213  1269  1225  1193  1311  1202  1271  1257  1293  1206  1202  1255  1250  1232  1227  1240  1286  1289  1183  1234  
1241  1245  1278  1253  1227  1259  1223  1222  1186  1186  1243  1221  1275  1230  1327  1224  1281  1216  1208  1230  
1223  1185  1305  1247  1301  1230  1225  1183  1273  1278  1285  1199  1283  1295  1191  1230  1260  1309  1250  1292  
1288  1273  1218  1216  1213  1224  1272  1180  1284  1243  1345  1249  1281  1250  1286  1313  1232  1233  1268  1298  
1235  1242  1261  1277  1234  1161  1243  1298  1145  1307  1227  1252  1272  1240  1251  1173  1150  1285  1287  1231  
1284  1186  1274  1256  1201  1308  1289  1247  1266  1200  1261  1322  1213  1203  1238  1260  1304  1268  1344  1190  
1231  1212  1236  1183  1233  1358  1211  1311  1282  1270  1257  1280  1287  1277  1221  1200  1126  1230  1324  1165  
1250  1214  1272  1268  1269  1281  1218  1245  1216  1217  1203  1179  1248  1243  1270  1229  1306  1248  1243  1269  
1275  1206  1217  1331  1271  1260  1288  1237  1257  1274  1266  1287  1256  1199  1324  1263  1284  1198  1251  1239  
1354  1234  1298  1167  1226  1241  1228  1196  1269  1286  1206  1238  1241  1218  1268  1275  1226  1369  1316  1263  
1254  1260  1275  1213  1266  1239  1271  1257  1217  1334  1225  1210  1279  1257  1208  1240  1312  1285  1238  1252  
1302  1247  1248  1234  1230  1215  1278  1242  1258  1225  1271  1285  1251  1210  1239  1280  1219  1262  1259  1276  
