1.20219
1243  1226  1313  1167  1292  1238  1265  1316  1247  1276  1176  1310  1223  1215  1258  1266  1183  1267  1216  1249  
1229  1217  1246  1237  1282  1264  1302  1221  1279  1258  1237  1236  1169  1312  1219  1232  1195  1214  1160  1308  
1266  1257  1256  1236  1323  1265  1215  1282  1262  1304  1239  1216  1278  1284  1224  1243  1240  1258  1236  1242  
1228  1218  1234  1330  1258  1271  1224  1254  1325  1212  1267  1161  1281  1254  1271  1282  1281  1230  1249  1198  
1230  1174  1304  1194  1260  1292  1304  1238  1267  1211  1186  1208  1268  1243  1231  1231  1287  1246  1225  1235  
1214  1342  1254  1334  1308  1248  1309  1205  1224  1337  1249  1209  1234  1281  1273  1216  1213  1238  1275  1238  
1265  1274  1213  1227  1202  1283  1220  1271  1278  1241  1277  1263  1374  1229  1331  1206  1281  1328  1256  1216  
1311  1225  1268  1241  1186  1238  1274  1164  1193  1214  1198  1300  1245  1201  1253  1184  1267  1217  1278  1298  
1288  1215  1283  1252  1176  1262  1329  1230  1232  1329  1295  1219  1307  1220  1300  1267  1234  1306  1260  1202  
1266  1291  1212  1324  1271  1258  1242  1266  1263  1263  1349  1193  1274  1245  1282  1252  1292  1246  1259  1250  
1284  1243  1270  1225  1285  1155  1202  1293  1238  1249  1212  1243  1248  1232  1193  1231  1246  1264  1293  1220  
1272  1262  1224  1246  1284  1277  1292  1287  1301  1218  1278  1228  1290  1265  1290  1244  1251  1170  1293  1226  
1168  1220  1225  1283  1263  1357  1327  1222  1200  1255  1270  1211  1176  1253  1263  1246  1184  1276  1234  1343  
1284  1268  1217  1190  1189  1226  1329  1256  1265  1220  1210  1322  1253  1219  1202  1275  1277  1274  1313  1331  
1218  1306  1252  1245  1230  1198  1251  1305  1198  1317  1274  1202  1231  1238  1257  1251  1318  1205  1203  1277  
1257  1227  1269  1254  1242  1143  1281  1223  1220  1269  1243  1314  1259  1271  1247  1232  1328  1203  1175  1294  
1273  1185  1243  1241  1331  1231  1272  1191  1257  1213  1267  1282  1231  1283  1225  1253  1237  1207  1214  1268  
1218  1251  1308  1218  1264  1319  1214  1229  1288  1272  1213  1245  1219  1226  1274  1271  1191  1209  1312  1270  
1319  1168  1292  1215  1202  1281  1205  1238  1322  1288  1279  1228  1299  1249  1263  1217  1252  1208  1215  1280  
1239  1288  1279  1314  1357  1295  1253  1212  1270  1267  1347  1187  1263  1227  1299  1306  1238  1251  1255  1185  
