1.20038
1256  1307  1256  1246  1193  1217  1209  1230  1277  1298  1198  1212  1274  1273  1232  1250  1249  1259  1179  1212  
1294  1193  1221  1231  1276  1241  1289  1289  1224  1325  1286  1237  1240  1284  1275  1213  1298  1223  1178  1238  
1239  1218  1240  1233  1212  1293  1260  1221  1300  1231  1209  1295  1191  1200  1261  1221  1249  1262  1213  1291  
1244  1282  1211  1223  1251  1260  1271  1286  1233  1222  1286  1191  1210  1234  1225  1329  1250  1225  1319  1324  
1188  1297  1259  1245  1320  1213  1230  1284  1317  1259  1212  1197  1273  1302  1283  1241  1273  1219  1253  1210  
1234  1217  1180  1250  1303  1154  1198  1243  1223  1242  1299  1235  1302  1217  1247  1246  1222  1215  1377  1161  
1220  1229  1251  1305  1283  1205  1267  1184  1228  1271  1268  1287  1220  1217  1245  1274  1198  1254  1296  1208  
1226  1215  1188  1276  1178  1214  1312  1249  1234  1323  1179  1245  1285  1302  1256  1245  1284  1236  1259  1240  
1278  1226  1243  1270  1154  1244  1308  1319  1273  1213  1260  1308  1285  1263  1208  1286  1255  1236  1230  1287  
1253  1278  1250  1252  1194  1176  1247  1269  1215  1285  1203  1224  1233  1264  1246  1301  1212  1215  1243  1229  
1235  1305  1337  1294  1222  1265  1245  1257  1231  1297  1194  1275  1184  1331  1211  1242  1287  1205  1267  1274  
1262  1272  1303  1241  1190  1325  1230  1245  1215  1258  1287  1223  1221  1237  1289  1214  1216  1270  1192  1221  
1287  1292  1343  1288  1279  1224  1296  1230  1305  1291  1233  1234  1251  1224  1223  1244  1212  1247  1279  1248  
1276  1233  1220  1253  1295  1296  1268  1305  1303  1242  1294  1263  1266  1255  1276  1201  1313  1292  1245  1236  
1250  1278  1229  1181  1298  1244  1225  1293  1227  1257  1224  1301  1280  1289  1228  1234  1246  1280  1290  1249  
1230  1244  1303  1211  1230  1280  1210  1225  1222  1294  1223  1325  1232  1247  1258  1238  1345  1184  1283  1328  
1254  1260  1274  1256  1239  1261  1201  1259  1293  1291  1262  1308  1283  1267  1249  1225  1283  1296  1240  1292  
1157  1204  1225  1209  1212  1254  1242  1181  1261  1230  1254  1228  1182  1314  1319  1261  1208  1221  1260  1273  
1295  1274  1140  1208  1261  1275  1304  1247  1271  1294  1271  1224  1285  1208  1251  1244  1246  1265  1333  1258  
1287  1227  1188  1264  1281  1273  1281  1228  1269  1222  1189  1294  1288  1268  1210  1206  1290  1336  1244  1221  
