1.2021
1250  1269  1262  1282  1249  1277  1285  1268  1282  1246  1260  1258  1249  1282  1249  1251  1233  1242  1275  1281  
1309  1231  1204  1326  1194  1230  1203  1198  1260  1249  1259  1204  1213  1232  1239  1169  1221  1248  1217  1272  
1312  1234  1315  1269  1298  1297  1236  1207  1287  1304  1294  1238  1235  1264  1218  1225  1190  1243  1271  1207  
1220  1207  1294  1257  1290  1217  1228  1250  1321  1268  1230  1299  1231  1211  1236  1223  1265  1234  1228  1260  
1285  1271  1273  1170  1276  1201  1230  1253  1316  1222  1315  1240  1216  1238  1233  1241  1262  1239  1261  1253  
1235  1296  1211  1266  1200  1225  1198  1294  1207  1333  1257  1225  1251  1239  1278  1218  1199  1253  1262  1224  
1248  1270  1282  1297  1222  1305  1285  1230  1280  1269  1314  1297  1260  1197  1265  1288  1241  1257  1252  1203  
1241  1269  1209  1268  1193  1265  1293  1262  1289  1180  1258  1314  1215  1232  1243  1264  1302  1242  1298  1222  
1308  1267  1196  1191  1215  1255  1168  1187  1311  1214  1185  1319  1207  1242  1283  1172  1293  1286  1230  1297  
1306  1216  1149  1289  1272  1261  1266  1213  1304  1283  1278  1259  1220  1254  1207  1227  1282  1274  1201  1230  
1308  1330  1199  1308  1232  1278  1346  1198  1352  1258  1178  1224  1180  1228  1203  1252  1320  1263  1285  1269  
1243  1283  1210  1206  1283  1296  1277  1307  1209  1187  1244  1237  1318  1209  1271  1273  1331  1376  1255  1261  
1230  1315  1272  1182  1168  1187  1179  1285  1306  1278  1303  1255  1262  1246  1333  1249  1217  1255  1219  1256  
1273  1226  1307  1163  1212  1235  1324  1231  1340  1275  1236  1293  1244  1211  1293  1263  1251  1240  1219  1246  
1254  1287  1225  1180  1284  1346  1318  1254  1311  1246  1285  1273  1292  1261  1213  1267  1288  1201  1307  1259  
1303  1228  1284  1234  1269  1191  1277  1178  1289  1272  1299  1306  1278  1320  1229  1264  1290  1269  1246  1239  
1229  1214  1304  1285  1271  1253  1281  1295  1252  1178  1243  1209  1291  1283  1210  1277  1230  1350  1263  1231  
1228  1216  1230  1234  1188  1293  1211  1269  1200  1267  1277  1262  1222  1315  1290  1238  1239  1268  1232  1252  
1236  1298  1214  1236  1271  1265  1234  1235  1314  1270  1263  1241  1318  1243  1290  1249  1296  1225  1312  1228  
1239  1191  1239  1222  1196  1266  1282  1274  1243  1211  1246  1284  1230  1229  1277  1285  1265  1324  1250  1214  
