1.19826
1260  1226  1188  1247  1316  1283  1269  1224  1201  1278  1236  1267  1238  1208  1236  1171  1257  1307  1284  1232  
1150  1242  1208  1261  1199  1327  1217  1254  1262  1215  1233  1222  1336  1259  1245  1276  1296  1185  1225  1170  
1318  1251  1260  1291  1363  1279  1270  1244  1261  1215  1185  1262  1307  1207  1186  1283  1276  1166  1260  1253  
1202  1256  1282  1307  1176  1313  1265  1316  1332  1241  1309  1232  1303  1288  1285  1263  1278  1235  1302  1327  
1257  1298  1313  1226  1257  1213  1288  1225  1240  1257  1186  1243  1248  1246  1203  1225  1276  1352  1274  1201  
1225  1252  1213  1217  1247  1212  1219  1179  1229  1289  1343  1217  1230  1237  1223  1292  1263  1237  1355  1285  
1243  1196  1184  1245  1276  1215  1202  1247  1286  1255  1260  1276  1265  1247  1294  1280  1197  1275  1240  1235  
1248  1211  1250  1263  1291  1237  1303  1230  1155  1270  1247  1257  1296  1261  1290  1219  1294  1250  1215  1241  
1223  1290  1209  1220  1251  1178  1246  1254  1315  1183  1261  1223  1267  1254  1348  1279  1259  1297  1202  1303  
1270  1237  1229  1243  1257  1206  1295  1209  1231  1215  1203  1254  1286  1315  1238  1190  1206  1264  1236  1254  
1259  1276  1264  1253  1328  1284  1278  1284  1311  1227  1272  1283  1230  1272  1310  1296  1221  1248  1284  1233  
1240  1259  1238  1242  1230  1275  1228  1227  1221  1227  1218  1224  1213  1229  1290  1247  1222  1219  1313  1241  
1211  1230  1266  1285  1249  1293  1247  1245  1298  1257  1225  1243  1233  1226  1177  1288  1189  1198  1190  1268  
1255  1195  1246  1278  1278  1278  1298  1220  1296  1208  1258  1271  1214  1236  1293  1270  1188  1145  1231  1211  
1239  1268  1277  1237  1265  1234  1302  1223  1261  1204  1279  1242  1216  1340  1275  1293  1228  1218  1224  1205  
1280  1268  1243  1214  1239  1265  1199  1186  1197  1241  1245  1287  1209  1267  1200  1304  1237  1205  1234  1252  
1250  1259  1246  1216  1196  1185  1234  1251  1252  1241  1277  1297  1252  1214  1287  1314  1323  1254  1344  1187  
1257  1216  1204  1196  1263  1244  1192  1276  1195  1200  1228  1269  1304  1207  1218  1287  1270  1256  1237  1174  
1246  1136  1177  1211  1285  1222  1255  1275  1309  1211  1282  1221  1190  1312  1225  1292  1279  1238  1246  1353  
1222  1293  1263  1233  1295  1283  1274  1237  1251  1199  1233  1203  1275  1278  1308  1217  1223  1215  1243  1209  
