1.19868
1230  1238  1284  1250  1263  1215  1221  1262  1221  1309  1216  1233  1218  1250  1319  1217  1278  1206  1264  1251  
1191  1275  1265  1239  1254  1193  1303  1226  1323  1249  1234  1261  1245  1317  1255  1148  1218  1199  1276  1248  
1277  1252  1222  1222  1175  1281  1265  1301  1290  1207  1279  1251  1201  1277  1203  1228  1260  1290  1234  1271  
1268  1227  1234  1238  1287  1256  1323  1313  1268  1230  1265  1279  1258  1199  1211  1192  1331  1188  1203  1260  
1287  1254  1250  1294  1271  1231  1237  1292  1286  1249  1123  1293  1261  1201  1243  1262  1266  1254  1205  1270  
1283  1269  1154  1252  1268  1277  1232  1297  1238  1249  1285  1195  1302  1162  1254  1255  1249  1181  1242  1262  
1198  1194  1257  1231  1279  1238  1246  1250  1200  1299  1298  1148  1206  1240  1249  1244  1240  1282  1208  1264  
1156  1188  1201  1295  1293  1288  1270  1303  1164  1291  1267  1243  1208  1254  1297  1296  1241  1238  1206  1220  
1290  1300  1275  1281  1253  1243  1270  1223  1210  1239  1231  1221  1269  1270  1260  1213  1222  1269  1256  1345  
1206  1268  1234  1166  1196  1300  1259  1221  1288  1235  1244  1240  1253  1263  1249  1252  1286  1177  1265  1222  
1226  1209  1252  1245  1211  1255  1273  1250  1266  1306  1174  1284  1249  1293  1221  1298  1267  1250  1210  1233  
1249  1190  1285  1268  1236  1237  1233  1219  1242  1302  1214  1244  1236  1173  1305  1247  1217  1251  1282  1243  
1198  1265  1229  1263  1173  1305  1192  1198  1243  1284  1189  1157  1262  1297  1194  1252  1277  1202  1251  1209  
1265  1244  1254  1326  1239  1225  1257  1175  1255  1237  1250  1248  1252  1240  1266  1279  1258  1177  1186  1205  
1330  1367  1297  1309  1292  1287  1286  1236  1228  1126  1259  1183  1193  1278  1229  1293  1293  1266  1264  1188  
1201  1284  1247  1249  1229  1294  1277  1227  1217  1293  1340  1334  1212  1286  1260  1253  1347  1246  1249  1303  
1262  1290  1204  1280  1260  1287  1231  1272  1304  1221  1263  1241  1213  1211  1189  1296  1281  1281  1245  1278  
1270  1281  1276  1266  1163  1235  1217  1238  1277  1297  1213  1257  1189  1248  1297  1255  1273  1275  1335  1240  
1279  1238  1229  1292  1306  1257  1240  1236  1256  1238  1290  1258  1285  1316  1282  1288  1207  1290  1316  1241  
1188  1235  1253  1232  1251  1182  1254  1236  1336  1257  1324  1278  1238  1240  1219  1167  1231  1222  1255  1274  
