1.19909
1212  1311  1279  1229  1232  1242  1222  1285  1231  1299  1239  1242  1236  1244  1226  1291  1291  1166  1233  1233  
1207  1280  1242  1289  1239  1256  1256  1226  1296  1226  1332  1254  1300  1238  1199  1248  1272  1221  1299  1299  
1192  1300  1266  1211  1265  1253  1244  1271  1283  1249  1299  1162  1202  1312  1264  1281  1210  1298  1199  1229  
1292  1295  1317  1194  1197  1273  1229  1269  1293  1248  1227  1220  1277  1274  1250  1261  1246  1226  1249  1239  
1246  1298  1226  1288  1350  1294  1258  1296  1184  1232  1309  1272  1251  1201  1293  1200  1242  1213  1258  1297  
1258  1199  1239  1292  1234  1270  1269  1300  1255  1277  1248  1290  1211  1231  1244  1262  1255  1310  1246  1218  
1274  1244  1261  1207  1188  1216  1269  1208  1219  1278  1191  1295  1219  1176  1243  1331  1193  1296  1205  1254  
1219  1261  1227  1222  1224  1221  1240  1202  1248  1211  1266  1181  1265  1272  1244  1377  1261  1234  1241  1284  
1194  1240  1215  1262  1215  1321  1222  1114  1274  1206  1263  1242  1250  1214  1277  1272  1280  1249  1271  1247  
1211  1316  1236  1188  1195  1252  1212  1292  1242  1206  1270  1262  1267  1273  1265  1228  1198  1257  1220  1252  
1238  1273  1187  1272  1192  1201  1313  1291  1232  1233  1197  1248  1296  1195  1214  1204  1299  1260  1292  1344  
1134  1165  1255  1247  1202  1231  1288  1227  1345  1276  1230  1243  1261  1238  1217  1336  1292  1283  1268  1209  
1209  1228  1259  1293  1269  1294  1265  1263  1237  1241  1223  1232  1252  1285  1264  1310  1263  1286  1234  1260  
1234  1261  1190  1226  1248  1261  1175  1254  1230  1263  1249  1212  1240  1262  1273  1251  1287  1249  1203  1183  
1197  1161  1299  1287  1240  1271  1281  1257  1215  1290  1220  1295  1145  1272  1301  1305  1188  1239  1172  1277  
1231  1250  1253  1314  1231  1332  1261  1227  1237  1259  1178  1247  1267  1258  1280  1254  1276  1263  1240  1213  
1229  1255  1299  1210  1240  1259  1231  1270  1202  1270  1258  1237  1315  1252  1233  1261  1238  1271  1336  1202  
1220  1278  1201  1253  1211  1237  1251  1308  1306  1147  1206  1230  1300  1332  1231  1234  1250  1214  1227  1178  
1241  1251  1248  1294  1273  1233  1247  1249  1263  1271  1198  1360  1251  1136  1212  1296  1283  1238  1297  1272  
1261  1222  1271  1222  1271  1259  1272  1254  1294  1254  1140  1210  1232  1241  1279  1196  1262  1254  1255  1199  
