1.19832
1216  1249  1274  1275  1311  1236  1224  1236  1234  1234  1204  1281  1284  1247  1308  1258  1247  1228  1194  1227  
1237  1248  1321  1289  1231  1245  1230  1168  1228  1265  1198  1198  1232  1260  1248  1270  1222  1216  1228  1223  
1254  1222  1218  1307  1233  1261  1281  1171  1279  1250  1253  1225  1168  1248  1161  1217  1276  1247  1335  1248  
1246  1228  1242  1315  1235  1166  1291  1270  1243  1275  1221  1262  1224  1276  1293  1358  1278  1249  1226  1251  
1190  1289  1238  1247  1262  1233  1229  1270  1285  1236  1225  1245  1245  1312  1191  1262  1313  1192  1285  1255  
1190  1338  1246  1251  1212  1222  1219  1235  1243  1250  1257  1252  1244  1312  1192  1287  1235  1271  1294  1196  
1248  1260  1252  1292  1202  1236  1286  1182  1284  1209  1253  1181  1317  1246  1297  1258  1329  1255  1249  1234  
1282  1247  1180  1178  1228  1254  1296  1242  1228  1257  1193  1164  1234  1367  1238  1250  1187  1258  1261  1197  
1303  1257  1282  1287  1303  1235  1239  1238  1208  1263  1249  1206  1225  1259  1318  1262  1239  1260  1229  1232  
1301  1190  1253  1306  1330  1222  1274  1265  1331  1260  1258  1241  1225  1277  1343  1233  1174  1214  1190  1236  
1261  1307  1251  1226  1271  1264  1248  1253  1268  1241  1272  1250  1241  1229  1236  1223  1241  1225  1255  1221  
1228  1243  1263  1222  1307  1334  1211  1323  1212  1239  1270  1231  1175  1250  1268  1217  1266  1300  1275  1235  
1211  1159  1228  1235  1268  1278  1253  1311  1209  1236  1244  1204  1205  1217  1243  1259  1213  1273  1260  1251  
1152  1262  1292  1214  1281  1242  1239  1322  1230  1238  1277  1251  1175  1205  1219  1207  1272  1184  1141  1227  
1197  1251  1244  1262  1219  1288  1284  1242  1254  1213  1232  1166  1195  1245  1244  1192  1238  1230  1262  1301  
1245  1301  1316  1257  1283  1268  1244  1248  1188  1272  1246  1232  1245  1315  1179  1270  1226  1320  1233  1292  
1285  1243  1223  1246  1245  1253  1272  1270  1281  1248  1265  1299  1244  1280  1188  1189  1232  1278  1237  1273  
1336  1223  1219  1213  1220  1215  1212  1281  1265  1242  1150  1212  1306  1245  1295  1192  1258  1246  1190  1248  
1308  1277  1231  1245  1282  1264  1217  1256  1245  1230  1260  1269  1222  1252  1246  1191  1299  1207  1234  1221  
1282  1260  1158  1214  1257  1227  1271  1310  1241  1238  1237  1304  1189  1248  1280  1223  1266  1271  1279  1225  
