1.1985
1217  1292  1309  1270  1261  1251  1256  1270  1192  1202  1248  1284  1316  1222  1201  1232  1254  1161  1249  1221  
1187  1242  1213  1290  1211  1277  1248  1223  1334  1193  1233  1209  1288  1318  1236  1263  1236  1257  1282  1229  
1231  1290  1257  1184  1346  1274  1246  1252  1281  1210  1244  1274  1191  1284  1260  1269  1229  1286  1235  1193  
1207  1246  1217  1205  1279  1240  1197  1230  1231  1264  1209  1285  1309  1263  1265  1276  1276  1324  1222  1178  
1242  1259  1260  1296  1329  1272  1230  1236  1294  1216  1273  1191  1267  1229  1285  1274  1302  1235  1228  1188  
1241  1279  1247  1221  1239  1304  1177  1271  1252  1219  1258  1223  1263  1273  1263  1182  1237  1258  1246  1265  
1269  1263  1259  1263  1181  1217  1270  1249  1256  1161  1303  1221  1308  1195  1233  1266  1313  1278  1285  1234  
1270  1216  1189  1287  1292  1256  1233  1200  1280  1280  1181  1272  1188  1237  1259  1239  1215  1295  1251  1297  
1269  1262  1281  1232  1223  1301  1239  1285  1247  1231  1278  1256  1234  1228  1334  1210  1286  1230  1251  1199  
1229  1256  1256  1257  1264  1230  1342  1210  1216  1257  1273  1155  1240  1176  1226  1228  1188  1239  1298  1192  
1236  1253  1235  1231  1289  1296  1255  1307  1256  1301  1307  1214  1266  1269  1240  1226  1255  1246  1312  1181  
1299  1227  1169  1256  1265  1202  1265  1224  1264  1245  1256  1209  1246  1205  1208  1137  1265  1287  1211  1253  
1242  1240  1246  1208  1242  1237  1261  1225  1208  1283  1217  1222  1185  1182  1275  1196  1265  1332  1309  1267  
1288  1286  1225  1256  1270  1217  1240  1283  1238  1233  1253  1239  1228  1243  1224  1201  1230  1283  1309  1244  
1318  1296  1226  1191  1241  1203  1228  1228  1307  1244  1247  1269  1266  1306  1171  1252  1244  1296  1285  1260  
1189  1290  1312  1190  1268  1299  1317  1226  1270  1229  1236  1291  1312  1171  1276  1258  1223  1290  1232  1233  
1282  1223  1269  1224  1262  1267  1201  1227  1239  1280  1247  1222  1284  1301  1249  1275  1228  1233  1223  1262  
1242  1257  1259  1234  1231  1336  1331  1266  1279  1216  1243  1214  1227  1329  1226  1240  1273  1230  1211  1245  
1244  1323  1227  1214  1274  1178  1175  1267  1232  1276  1220  1217  1272  1268  1231  1335  1240  1245  1298  1155  
1266  1232  1202  1293  1263  1285  1251  1266  1295  1285  1228  1253  1254  1261  1271  1325  1231  1247  1224  1267  
