1.19992
1276  1277  1244  1349  1275  1229  1259  1292  1255  1237  1196  1294  1231  1322  1215  1293  1223  1220  1207  1275  
1270  1252  1197  1259  1205  1313  1248  1237  1280  1293  1281  1209  1128  1249  1248  1235  1269  1207  1201  1260  
1242  1313  1317  1248  1292  1257  1279  1266  1209  1328  1173  1210  1310  1244  1245  1183  1251  1207  1260  1195  
1237  1291  1323  1211  1214  1220  1162  1239  1234  1216  1203  1196  1209  1291  1245  1234  1249  1262  1224  1247  
1271  1291  1263  1234  1203  1282  1195  1243  1283  1283  1269  1298  1255  1246  1320  1281  1318  1273  1260  1252  
1292  1349  1218  1215  1263  1333  1224  1245  1303  1207  1201  1274  1220  1195  1280  1271  1311  1225  1147  1239  
1181  1272  1217  1330  1190  1249  1232  1204  1202  1249  1233  1240  1295  1163  1255  1243  1249  1261  1209  1257  
1270  1267  1338  1223  1190  1255  1246  1275  1210  1253  1217  1236  1260  1217  1287  1303  1280  1255  1249  1249  
1259  1255  1246  1268  1308  1304  1286  1220  1183  1214  1242  1262  1285  1254  1259  1171  1279  1265  1259  1167  
1209  1250  1211  1192  1264  1181  1216  1232  1251  1238  1281  1203  1275  1304  1289  1270  1274  1220  1233  1238  
1266  1291  1244  1218  1229  1212  1284  1264  1285  1210  1225  1174  1262  1287  1208  1253  1304  1262  1291  1267  
1320  1247  1223  1228  1258  1209  1259  1282  1219  1274  1256  1123  1227  1341  1308  1332  1225  1203  1204  1226  
1219  1302  1235  1225  1259  1257  1263  1255  1263  1234  1198  1261  1220  1214  1221  1212  1274  1247  1179  1323  
1244  1235  1306  1290  1308  1245  1293  1242  1233  1266  1283  1245  1247  1281  1224  1317  1221  1245  1299  1224  
1191  1219  1227  1203  1249  1234  1223  1299  1247  1158  1256  1284  1233  1245  1242  1180  1275  1293  1288  1283  
1221  1260  1225  1246  1317  1257  1262  1251  1198  1214  1232  1289  1295  1252  1322  1274  1251  1297  1248  1237  
1251  1266  1278  1255  1288  1233  1272  1284  1301  1248  1197  1343  1269  1288  1222  1318  1231  1251  1261  1280  
1223  1246  1291  1287  1185  1245  1236  1190  1237  1249  1245  1277  1253  1234  1290  1214  1302  1305  1267  1227  
1285  1293  1267  1217  1243  1260  1253  1312  1323  1234  1209  1255  1183  1272  1288  1202  1289  1232  1240  1242  
1211  1230  1207  1240  1229  1223  1233  1249  1281  1297  1285  1225  1192  1281  1228  1235  1221  1194  1290  1261  
