1.19999
1293  1194  1240  1285  1249  1219  1269  1289  1262  1244  1245  1175  1265  1262  1274  1278  1275  1222  1225  1203  
1324  1271  1211  1262  1241  1249  1219  1263  1235  1242  1219  1224  1213  1221  1261  1275  1216  1299  1263  1318  
1257  1169  1234  1274  1304  1293  1249  1322  1282  1246  1251  1215  1212  1276  1289  1235  1168  1214  1255  1268  
1331  1182  1230  1241  1264  1309  1282  1297  1326  1239  1289  1179  1209  1333  1291  1272  1251  1217  1284  1226  
1291  1255  1249  1297  1245  1301  1288  1314  1281  1240  1210  1240  1276  1173  1335  1200  1270  1272  1276  1206  
1276  1281  1209  1311  1255  1230  1260  1217  1210  1290  1208  1238  1236  1249  1259  1330  1256  1320  1251  1219  
1294  1271  1279  1291  1204  1281  1279  1295  1217  1254  1195  1264  1207  1221  1219  1224  1169  1224  1199  1303  
1244  1270  1281  1201  1202  1304  1244  1253  1265  1272  1162  1229  1284  1184  1220  1328  1262  1224  1339  1186  
1189  1253  1201  1237  1262  1202  1302  1251  1298  1246  1221  1273  1273  1192  1204  1247  1243  1238  1222  1309  
1323  1295  1180  1264  1241  1252  1283  1285  1187  1237  1292  1253  1272  1216  1230  1295  1251  1256  1258  1257  
1305  1190  1253  1301  1207  1263  1259  1251  1252  1251  1237  1306  1249  1270  1253  1245  1261  1192  1276  1196  
1293  1253  1177  1283  1269  1278  1243  1261  1225  1229  1248  1174  1231  1302  1235  1210  1209  1219  1238  1270  
1267  1275  1162  1238  1277  1246  1265  1235  1238  1263  1228  1236  1268  1280  1261  1229  1228  1172  1282  1320  
1237  1190  1272  1209  1277  1205  1188  1280  1211  1239  1300  1275  1272  1264  1262  1253  1238  1249  1231  1254  
1237  1283  1275  1265  1277  1216  1248  1221  1256  1234  1188  1271  1308  1234  1267  1234  1333  1259  1328  1275  
1306  1163  1271  1299  1268  1302  1280  1242  1177  1239  1269  1227  1204  1321  1233  1294  1243  1290  1237  1298  
1236  1299  1161  1191  1213  1174  1263  1165  1243  1219  1247  1183  1217  1276  1270  1293  1252  1172  1284  1247  
1297  1264  1248  1232  1236  1352  1238  1279  1334  1319  1281  1188  1226  1198  1199  1278  1267  1271  1249  1233  
1245  1309  1236  1263  1279  1288  1171  1285  1237  1267  1309  1219  1307  1237  1274  1299  1296  1246  1248  1213  
1315  1289  1220  1216  1274  1158  1309  1198  1180  1249  1242  1204  1212  1242  1248  1171  1328  1218  1144  1250  
