1.1999
1268  1241  1264  1256  1359  1244  1256  1211  1229  1170  1252  1271  1273  1304  1189  1312  1242  1252  1223  1165  
1193  1273  1261  1265  1205  1239  1258  1239  1237  1280  1212  1230  1240  1327  1241  1249  1220  1278  1247  1309  
1225  1221  1192  1226  1313  1236  1211  1211  1295  1237  1264  1222  1335  1318  1234  1247  1260  1289  1252  1265  
1255  1227  1235  1230  1220  1236  1254  1231  1189  1242  1262  1242  1264  1253  1257  1264  1268  1224  1236  1220  
1233  1195  1295  1174  1290  1309  1244  1223  1271  1261  1196  1274  1238  1242  1217  1255  1232  1245  1370  1262  
1290  1308  1333  1216  1205  1270  1201  1249  1237  1234  1238  1198  1280  1262  1240  1190  1261  1279  1229  1231  
1238  1249  1217  1319  1245  1220  1250  1309  1257  1277  1256  1246  1299  1273  1311  1193  1274  1239  1242  1312  
1254  1241  1250  1260  1223  1202  1240  1306  1206  1244  1248  1249  1231  1267  1240  1303  1272  1177  1226  1252  
1288  1322  1195  1314  1243  1219  1208  1270  1248  1250  1231  1292  1246  1334  1247  1180  1276  1199  1198  1246  
1269  1213  1208  1259  1219  1287  1187  1258  1259  1238  1282  1252  1251  1252  1264  1216  1281  1260  1236  1278  
1265  1213  1214  1233  1194  1268  1241  1263  1248  1319  1201  1282  1251  1251  1270  1261  1248  1251  1234  1188  
1247  1239  1239  1275  1271  1324  1242  1164  1177  1241  1195  1360  1213  1228  1242  1162  1220  1274  1353  1314  
1200  1245  1262  1255  1277  1311  1228  1245  1226  1259  1268  1282  1225  1229  1276  1243  1216  1261  1160  1258  
1220  1203  1344  1294  1258  1271  1334  1251  1267  1236  1202  1270  1213  1219  1253  1237  1237  1242  1203  1288  
1339  1189  1260  1188  1262  1275  1191  1224  1214  1225  1268  1262  1207  1239  1174  1221  1278  1267  1254  1248  
1241  1288  1363  1311  1235  1245  1220  1273  1249  1246  1233  1231  1298  1248  1221  1289  1275  1211  1273  1228  
1228  1259  1273  1277  1279  1295  1269  1244  1225  1254  1233  1209  1202  1313  1268  1254  1247  1288  1214  1200  
1246  1227  1257  1247  1203  1280  1239  1311  1289  1200  1247  1283  1266  1202  1244  1165  1195  1245  1317  1172  
1272  1303  1228  1234  1235  1241  1236  1208  1220  1275  1209  1196  1277  1281  1255  1229  1232  1246  1218  1311  
1190  1375  1234  1243  1317  1234  1253  1271  1270  1306  1249  1293  1249  1276  1185  1248  1223  1265  1204  1253  
