1.20084
1229  1244  1244  1153  1200  1323  1186  1224  1157  1313  1266  1210  1232  1295  1361  1246  1255  1270  1253  1223  
1282  1288  1303  1300  1249  1208  1236  1143  1262  1261  1286  1280  1267  1329  1300  1306  1235  1253  1242  1213  
1238  1235  1213  1268  1229  1158  1214  1216  1249  1244  1247  1271  1262  1313  1224  1273  1223  1296  1194  1200  
1195  1245  1254  1291  1234  1265  1236  1198  1348  1259  1251  1198  1228  1241  1276  1314  1262  1230  1239  1278  
1184  1280  1233  1265  1295  1180  1276  1253  1263  1241  1365  1263  1290  1276  1242  1199  1215  1250  1255  1262  
1216  1261  1253  1246  1210  1240  1275  1302  1241  1259  1285  1204  1264  1233  1247  1252  1252  1261  1189  1223  
1241  1249  1242  1317  1297  1238  1292  1247  1249  1303  1305  1205  1285  1184  1261  1240  1282  1221  1264  1234  
1311  1259  1269  1286  1293  1310  1253  1253  1296  1268  1317  1173  1233  1196  1257  1273  1259  1230  1280  1280  
1264  1245  1239  1261  1217  1237  1221  1291  1268  1263  1298  1221  1152  1253  1205  1251  1216  1194  1255  1219  
1273  1250  1219  1254  1187  1312  1227  1303  1318  1280  1267  1266  1378  1261  1184  1224  1230  1228  1277  1290  
1193  1261  1198  1242  1299  1255  1309  1214  1306  1256  1310  1218  1254  1277  1311  1236  1260  1229  1264  1250  
1242  1279  1313  1261  1243  1230  1251  1226  1235  1271  1219  1181  1200  1232  1236  1203  1259  1283  1195  1277  
1216  1293  1185  1290  1218  1195  1254  1258  1314  1339  1252  1193  1288  1200  1313  1266  1311  1248  1226  1179  
1317  1259  1226  1256  1200  1225  1288  1207  1167  1322  1306  1253  1221  1324  1228  1210  1316  1223  1224  1274  
1240  1266  1251  1275  1255  1250  1275  1199  1321  1290  1273  1322  1248  1264  1247  1300  1206  1308  1229  1230  
1262  1218  1280  1222  1244  1245  1247  1196  1263  1230  1266  1207  1210  1281  1306  1261  1288  1245  1244  1283  
1214  1244  1239  1310  1262  1213  1201  1302  1271  1216  1292  1235  1300  1217  1284  1211  1240  1268  1211  1277  
1186  1278  1209  1313  1224  1268  1344  1225  1270  1254  1234  1225  1228  1237  1276  1188  1231  1242  1272  1214  
1234  1210  1248  1264  1245  1236  1239  1275  1275  1305  1213  1236  1298  1324  1283  1263  1199  1205  1197  1229  
1260  1253  1246  1241  1263  1286  1324  1255  1231  1229  1239  1304  1223  1216  1179  1217  1212  1205  1221  1233  
