1.20187
1298  1228  1226  1241  1223  1222  1281  1198  1276  1306  1254  1302  1239  1237  1251  1327  1251  1250  1238  1194  
1280  1262  1297  1271  1166  1303  1224  1229  1223  1274  1205  1263  1249  1248  1266  1228  1224  1317  1273  1244  
1227  1238  1217  1224  1272  1229  1234  1197  1264  1260  1302  1204  1275  1210  1205  1256  1254  1230  1216  1233  
1325  1229  1256  1264  1241  1268  1237  1208  1235  1287  1301  1314  1195  1232  1223  1284  1250  1303  1289  1285  
1246  1266  1222  1250  1335  1230  1263  1214  1275  1265  1207  1189  1310  1195  1228  1239  1285  1266  1237  1215  
1170  1240  1259  1282  1267  1309  1325  1273  1270  1236  1222  1276  1281  1284  1223  1232  1264  1289  1343  1330  
1280  1327  1166  1236  1230  1268  1191  1223  1197  1201  1288  1237  1173  1222  1273  1224  1317  1292  1315  1240  
1240  1297  1236  1262  1217  1221  1267  1255  1185  1213  1246  1317  1249  1251  1294  1190  1235  1277  1250  1213  
1203  1262  1262  1227  1164  1177  1278  1328  1223  1253  1284  1247  1171  1276  1251  1291  1173  1219  1223  1264  
1303  1226  1210  1261  1235  1245  1306  1234  1262  1273  1256  1288  1205  1258  1197  1236  1278  1182  1215  1273  
1244  1302  1254  1322  1258  1340  1205  1192  1197  1234  1335  1253  1142  1263  1253  1196  1251  1256  1300  1197  
1269  1309  1294  1254  1222  1226  1196  1223  1316  1214  1244  1237  1296  1288  1254  1247  1260  1252  1184  1274  
1284  1337  1222  1273  1278  1323  1276  1231  1295  1274  1269  1261  1277  1165  1268  1207  1195  1237  1222  1204  
1228  1206  1294  1321  1299  1267  1202  1281  1237  1295  1196  1273  1278  1224  1199  1237  1234  1304  1197  1201  
1236  1206  1198  1199  1342  1291  1305  1282  1303  1234  1260  1279  1279  1304  1263  1289  1273  1347  1283  1202  
1253  1320  1256  1289  1218  1296  1247  1230  1266  1214  1272  1245  1235  1200  1268  1209  1263  1277  1248  1251  
1293  1167  1220  1327  1265  1214  1267  1257  1257  1254  1247  1283  1255  1243  1299  1226  1230  1228  1236  1264  
1204  1259  1193  1214  1298  1212  1270  1292  1238  1304  1229  1269  1244  1229  1190  1235  1171  1195  1209  1315  
1255  1281  1191  1205  1263  1282  1214  1313  1281  1234  1324  1306  1219  1219  1215  1272  1209  1205  1215  1216  
1198  1248  1260  1226  1236  1255  1198  1286  1210  1169  1211  1277  1197  1222  1237  1247  1310  1235  1312  1206  
