1.19969
1209  1291  1242  1241  1237  1257  1288  1339  1281  1266  1290  1243  1227  1276  1300  1365  1159  1223  1254  1217  
1192  1244  1264  1257  1227  1274  1206  1287  1213  1252  1208  1265  1271  1251  1286  1239  1191  1256  1225  1268  
1362  1236  1249  1247  1257  1303  1336  1269  1281  1225  1261  1334  1297  1224  1214  1229  1222  1227  1255  1270  
1246  1243  1184  1262  1248  1242  1191  1322  1280  1264  1319  1216  1275  1296  1294  1279  1207  1291  1246  1304  
1141  1282  1267  1229  1187  1189  1190  1305  1276  1252  1260  1273  1265  1238  1184  1205  1260  1283  1283  1239  
1274  1277  1254  1349  1230  1212  1260  1276  1306  1155  1252  1270  1214  1235  1258  1254  1229  1222  1256  1237  
1327  1264  1316  1229  1325  1260  1319  1242  1355  1238  1238  1207  1226  1255  1182  1199  1284  1252  1240  1214  
1257  1332  1223  1127  1260  1278  1183  1240  1176  1257  1248  1262  1259  1226  1256  1250  1281  1284  1234  1213  
1366  1239  1227  1334  1202  1193  1179  1259  1324  1254  1268  1232  1282  1261  1238  1254  1223  1256  1264  1281  
1238  1274  1220  1220  1288  1215  1202  1266  1214  1192  1191  1237  1178  1228  1209  1211  1189  1207  1244  1252  
1249  1248  1223  1232  1201  1242  1219  1270  1252  1294  1230  1256  1228  1207  1257  1216  1191  1184  1240  1263  
1223  1212  1287  1236  1273  1226  1280  1272  1335  1303  1241  1227  1280  1252  1340  1301  1191  1254  1228  1259  
1280  1262  1264  1247  1256  1287  1224  1235  1265  1319  1207  1259  1224  1286  1304  1235  1231  1290  1263  1287  
1232  1203  1230  1256  1268  1242  1267  1304  1311  1216  1274  1239  1262  1307  1181  1207  1195  1183  1236  1190  
1266  1290  1277  1215  1235  1292  1202  1254  1301  1220  1253  1252  1334  1246  1217  1243  1304  1232  1264  1237  
1260  1181  1202  1219  1230  1256  1290  1268  1228  1266  1304  1308  1263  1269  1189  1236  1354  1229  1239  1240  
1257  1249  1207  1292  1238  1229  1277  1265  1280  1305  1205  1263  1277  1295  1196  1230  1239  1207  1254  1299  
1233  1317  1214  1262  1224  1218  1264  1266  1203  1262  1265  1259  1251  1210  1212  1238  1270  1246  1210  1204  
1223  1156  1269  1234  1215  1199  1287  1266  1306  1149  1269  1237  1282  1262  1149  1173  1310  1258  1198  1255  
1264  1204  1231  1257  1275  1261  1195  1328  1226  1206  1261  1225  1217  1241  1285  1292  1231  1211  1249  1233  
