1.19935
1269  1265  1216  1212  1281  1271  1257  1212  1278  1250  1336  1275  1364  1242  1320  1216  1229  1225  1212  1245  
1239  1201  1205  1353  1230  1268  1291  1236  1207  1213  1250  1298  1191  1260  1257  1248  1295  1236  1260  1231  
1204  1226  1263  1271  1192  1243  1289  1174  1304  1217  1231  1266  1260  1219  1277  1184  1265  1284  1213  1211  
1257  1241  1199  1213  1255  1213  1226  1357  1317  1222  1201  1251  1296  1362  1241  1288  1292  1269  1228  1245  
1253  1218  1259  1172  1273  1246  1214  1313  1198  1211  1181  1226  1238  1229  1211  1281  1306  1240  1236  1242  
1266  1300  1276  1257  1222  1193  1239  1289  1256  1235  1290  1280  1209  1267  1284  1182  1201  1255  1286  1271  
1239  1206  1279  1287  1212  1275  1249  1174  1240  1227  1294  1207  1199  1264  1245  1222  1321  1319  1202  1195  
1198  1287  1285  1245  1223  1219  1274  1266  1208  1212  1337  1219  1261  1258  1245  1236  1238  1248  1231  1272  
1342  1201  1236  1282  1261  1290  1294  1292  1275  1259  1192  1148  1210  1269  1179  1208  1327  1212  1210  1241  
1306  1230  1242  1235  1242  1259  1276  1255  1236  1282  1175  1254  1258  1232  1230  1213  1279  1244  1203  1253  
1233  1314  1236  1187  1248  1310  1305  1261  1266  1287  1242  1259  1223  1248  1205  1274  1211  1306  1305  1298  
1351  1308  1204  1317  1206  1178  1253  1182  1240  1244  1294  1205  1245  1221  1294  1192  1301  1277  1239  1258  
1243  1241  1210  1246  1252  1228  1233  1252  1192  1275  1219  1232  1224  1259  1281  1226  1180  1307  1294  1243  
1256  1289  1229  1213  1270  1210  1322  1233  1158  1251  1213  1208  1265  1219  1322  1254  1273  1304  1289  1363  
1287  1290  1239  1253  1303  1252  1245  1237  1223  1187  1281  1297  1184  1253  1231  1267  1306  1289  1294  1290  
1276  1273  1219  1268  1240  1198  1212  1214  1238  1240  1218  1274  1290  1250  1236  1244  1301  1292  1204  1282  
1267  1213  1209  1236  1181  1259  1252  1304  1226  1228  1246  1268  1268  1253  1225  1252  1208  1240  1269  1281  
1137  1203  1211  1206  1292  1274  1302  1282  1214  1154  1215  1227  1252  1234  1267  1252  1214  1258  1264  1245  
1268  1273  1282  1278  1191  1254  1287  1270  1258  1286  1363  1248  1298  1237  1223  1271  1248  1243  1210  1211  
1174  1264  1240  1275  1201  1240  1285  1278  1211  1261  1219  1210  1242  1252  1283  1252  1198  1227  1228  1316  
