1.19899
1208  1272  1218  1243  1242  1259  1299  1289  1274  1204  1215  1229  1164  1271  1279  1248  1264  1311  1251  1215  
1238  1226  1220  1301  1355  1367  1292  1285  1274  1184  1167  1258  1230  1297  1206  1314  1301  1260  1230  1328  
1259  1247  1169  1282  1294  1281  1273  1287  1210  1249  1230  1218  1217  1258  1263  1249  1221  1225  1115  1251  
1303  1213  1221  1223  1229  1260  1286  1275  1240  1172  1243  1304  1260  1258  1222  1245  1267  1292  1291  1299  
1309  1210  1218  1220  1261  1268  1228  1259  1297  1232  1307  1322  1283  1241  1235  1217  1203  1273  1279  1278  
1285  1237  1217  1249  1154  1191  1256  1330  1258  1186  1257  1280  1238  1267  1238  1240  1313  1298  1284  1251  
1298  1215  1275  1255  1218  1235  1250  1287  1274  1259  1326  1323  1256  1247  1300  1230  1294  1253  1276  1233  
1242  1217  1272  1299  1175  1254  1302  1326  1328  1299  1215  1200  1299  1321  1252  1260  1337  1334  1278  1255  
1289  1286  1263  1228  1240  1250  1289  1215  1259  1309  1269  1264  1238  1184  1317  1271  1238  1270  1288  1247  
1286  1220  1153  1230  1263  1250  1232  1239  1284  1249  1248  1249  1210  1159  1230  1205  1196  1201  1257  1287  
1194  1315  1212  1252  1236  1242  1272  1246  1234  1224  1228  1281  1192  1216  1242  1192  1232  1238  1242  1245  
1317  1219  1294  1281  1272  1292  1185  1153  1273  1267  1251  1195  1199  1304  1173  1186  1259  1218  1231  1240  
1238  1228  1251  1284  1256  1361  1239  1316  1231  1171  1252  1293  1186  1246  1217  1247  1300  1189  1206  1228  
1261  1252  1218  1273  1317  1310  1303  1220  1218  1260  1256  1268  1263  1279  1256  1293  1175  1204  1176  1270  
1235  1238  1175  1235  1260  1201  1244  1276  1171  1238  1231  1230  1190  1227  1194  1221  1217  1253  1212  1243  
1242  1278  1225  1263  1276  1277  1225  1232  1183  1194  1351  1265  1287  1299  1342  1226  1225  1202  1165  1358  
1221  1347  1270  1254  1177  1255  1255  1265  1213  1229  1320  1259  1168  1278  1267  1206  1236  1308  1319  1283  
1249  1161  1294  1315  1237  1212  1244  1263  1201  1222  1242  1266  1275  1289  1248  1247  1361  1251  1199  1263  
1214  1237  1275  1162  1231  1237  1259  1292  1196  1207  1193  1222  1214  1246  1213  1213  1253  1223  1244  1271  
1292  1266  1233  1261  1280  1265  1230  1167  1253  1113  1204  1233  1201  1281  1248  1248  1261  1233  1233  1254  
