1.19602
1201  1250  1216  1245  1251  1295  1231  1238  1231  1243  1288  1220  1232  1303  1276  1259  1250  1289  1258  1238  
1241  1287  1201  1177  1288  1253  1343  1244  1284  1278  1229  1286  1189  1289  1243  1315  1243  1242  1308  1307  
1250  1239  1221  1234  1300  1308  1193  1304  1271  1225  1229  1255  1326  1310  1189  1239  1224  1261  1201  1264  
1263  1207  1287  1211  1271  1273  1279  1256  1293  1258  1225  1213  1244  1284  1256  1242  1193  1249  1202  1265  
1252  1283  1323  1228  1226  1315  1173  1297  1225  1194  1219  1243  1242  1235  1256  1259  1298  1204  1242  1240  
1249  1193  1250  1234  1234  1238  1217  1176  1243  1239  1232  1176  1259  1289  1271  1293  1221  1285  1228  1278  
1233  1244  1144  1245  1312  1188  1208  1207  1226  1238  1257  1220  1230  1234  1214  1212  1322  1271  1218  1154  
1239  1235  1205  1206  1194  1248  1246  1266  1257  1266  1228  1236  1283  1242  1195  1215  1269  1246  1316  1281  
1310  1237  1183  1314  1265  1293  1212  1222  1278  1252  1313  1229  1245  1310  1301  1203  1283  1215  1261  1188  
1238  1237  1180  1321  1247  1307  1276  1183  1290  1256  1339  1231  1276  1253  1280  1257  1234  1210  1231  1245  
1273  1278  1266  1237  1295  1248  1340  1251  1287  1271  1260  1224  1227  1243  1204  1230  1228  1220  1241  1265  
1208  1276  1320  1251  1273  1248  1214  1289  1269  1253  1196  1262  1239  1270  1226  1235  1298  1217  1262  1318  
1177  1291  1229  1259  1186  1184  1172  1266  1290  1306  1229  1223  1245  1279  1236  1248  1201  1263  1236  1190  
1234  1241  1243  1235  1268  1304  1246  1235  1191  1230  1285  1311  1268  1240  1243  1286  1258  1270  1227  1283  
1271  1294  1209  1166  1264  1256  1208  1247  1289  1236  1268  1236  1301  1190  1220  1266  1202  1174  1283  1248  
1232  1248  1243  1248  1222  1249  1191  1261  1247  1199  1225  1258  1192  1255  1257  1253  1240  1227  1233  1269  
1244  1297  1243  1273  1255  1217  1214  1193  1173  1194  1211  1211  1236  1318  1187  1283  1302  1182  1321  1372  
1216  1255  1245  1237  1237  1201  1170  1243  1301  1237  1308  1164  1234  1215  1210  1196  1272  1160  1221  1206  
1233  1233  1286  1252  1200  1279  1304  1252  1238  1260  1261  1253  1195  1291  1269  1230  1155  1248  1209  1262  
1282  1248  1256  1186  1277  1268  1202  1208  1295  1271  1259  1333  1202  1250  1248  1259  1181  1280  1273  1132  
