1.19793
1230  1228  1321  1231  1249  1251  1288  1258  1241  1253  1284  1261  1286  1242  1197  1260  1330  1290  1250  1162  
1182  1224  1272  1215  1292  1320  1205  1196  1282  1264  1233  1215  1235  1246  1273  1228  1293  1203  1239  1215  
1246  1250  1172  1258  1286  1226  1187  1203  1253  1220  1228  1208  1206  1202  1255  1360  1208  1266  1247  1202  
1291  1261  1198  1220  1263  1249  1155  1251  1225  1203  1184  1219  1272  1165  1231  1249  1301  1269  1175  1286  
1251  1227  1285  1244  1276  1320  1154  1199  1189  1237  1239  1232  1294  1340  1334  1265  1238  1223  1180  1199  
1251  1234  1304  1290  1293  1298  1212  1293  1237  1245  1253  1246  1302  1257  1271  1240  1242  1213  1227  1237  
1270  1231  1265  1305  1287  1202  1289  1230  1269  1273  1349  1241  1307  1298  1271  1275  1281  1347  1278  1350  
1243  1240  1303  1294  1196  1244  1287  1252  1191  1189  1292  1285  1184  1187  1280  1212  1251  1314  1243  1324  
1281  1268  1305  1282  1249  1219  1290  1228  1292  1290  1298  1247  1252  1274  1267  1252  1234  1289  1185  1301  
1261  1287  1191  1279  1280  1293  1247  1292  1185  1202  1252  1258  1270  1205  1231  1254  1191  1219  1134  1241  
1282  1256  1246  1265  1206  1189  1286  1233  1298  1207  1309  1184  1246  1188  1269  1274  1183  1284  1219  1199  
1285  1329  1200  1309  1235  1301  1209  1221  1224  1241  1240  1281  1261  1235  1184  1203  1295  1243  1201  1240  
1197  1285  1188  1238  1260  1232  1256  1295  1210  1251  1259  1232  1185  1243  1277  1198  1266  1210  1227  1230  
1223  1240  1250  1227  1302  1290  1210  1217  1236  1209  1235  1295  1274  1222  1198  1211  1209  1260  1212  1278  
1303  1241  1277  1260  1264  1155  1209  1163  1240  1315  1245  1165  1272  1222  1175  1184  1289  1228  1216  1246  
1281  1227  1299  1248  1190  1163  1300  1266  1272  1197  1269  1330  1191  1263  1244  1174  1255  1270  1241  1252  
1203  1277  1238  1250  1233  1273  1256  1228  1194  1267  1242  1200  1269  1224  1211  1240  1209  1244  1327  1257  
1248  1282  1216  1263  1275  1256  1286  1291  1259  1242  1219  1245  1285  1247  1310  1200  1348  1237  1231  1190  
1173  1253  1278  1299  1232  1319  1184  1203  1230  1198  1313  1309  1251  1265  1225  1137  1232  1195  1306  1230  
1222  1252  1313  1281  1225  1198  1194  1216  1221  1261  1280  1321  1281  1232  1290  1224  1264  1243  1291  1187  
