1.20069
1272  1276  1203  1306  1235  1199  1257  1248  1196  1253  1244  1245  1250  1243  1230  1187  1253  1329  1218  1294  
1256  1276  1234  1299  1178  1243  1225  1225  1228  1173  1294  1205  1208  1231  1279  1266  1238  1348  1228  1235  
1283  1259  1221  1234  1353  1284  1178  1256  1325  1250  1209  1203  1251  1270  1279  1279  1256  1232  1231  1170  
1243  1231  1234  1216  1194  1289  1343  1280  1217  1256  1238  1307  1261  1221  1319  1254  1246  1250  1268  1220  
1285  1279  1241  1213  1281  1221  1302  1211  1221  1294  1220  1243  1215  1292  1198  1196  1342  1268  1229  1223  
1220  1203  1254  1256  1282  1192  1225  1202  1311  1253  1191  1218  1246  1190  1257  1368  1240  1282  1268  1185  
1317  1225  1210  1193  1184  1240  1226  1307  1311  1231  1215  1315  1235  1251  1303  1274  1222  1214  1254  1254  
1297  1274  1294  1254  1230  1267  1233  1213  1201  1194  1287  1201  1239  1215  1274  1230  1225  1260  1251  1287  
1283  1249  1227  1257  1233  1267  1274  1241  1228  1275  1301  1250  1319  1276  1286  1247  1257  1283  1246  1186  
1283  1265  1295  1255  1240  1292  1285  1329  1251  1262  1259  1221  1205  1289  1335  1223  1245  1283  1182  1296  
1253  1229  1190  1241  1242  1274  1270  1255  1212  1209  1222  1230  1259  1296  1297  1222  1230  1371  1127  1210  
1228  1202  1200  1242  1279  1267  1316  1265  1243  1202  1219  1240  1307  1250  1262  1284  1260  1304  1208  1255  
1240  1311  1295  1157  1221  1239  1243  1213  1184  1294  1283  1252  1263  1316  1226  1247  1278  1236  1255  1261  
1277  1264  1266  1205  1292  1237  1288  1211  1268  1218  1262  1304  1341  1265  1203  1214  1258  1321  1240  1251  
1258  1329  1246  1216  1250  1245  1244  1254  1331  1241  1220  1190  1295  1252  1207  1303  1285  1277  1291  1214  
1196  1221  1259  1262  1266  1278  1271  1326  1258  1254  1309  1268  1245  1240  1287  1191  1220  1239  1276  1337  
1244  1249  1277  1261  1244  1180  1176  1275  1234  1281  1218  1273  1215  1197  1312  1271  1229  1254  1249  1208  
1265  1253  1191  1255  1192  1303  1270  1238  1236  1214  1253  1218  1271  1214  1224  1242  1205  1199  1194  1191  
1289  1250  1268  1271  1250  1267  1263  1254  1292  1254  1267  1240  1319  1260  1243  1320  1315  1232  1160  1189  
1267  1232  1228  1233  1237  1171  1335  1222  1260  1240  1256  1332  1247  1250  1171  1249  1305  1254  1223  1277  
