1.2005
1293  1225  1257  1220  1223  1243  1304  1250  1198  1255  1276  1223  1272  1241  1250  1268  1324  1335  1235  1309  
1260  1295  1275  1273  1260  1232  1140  1204  1192  1187  1248  1308  1236  1314  1249  1276  1288  1258  1206  1243  
1263  1265  1234  1273  1196  1309  1203  1204  1256  1213  1280  1275  1201  1282  1263  1251  1252  1224  1274  1260  
1291  1241  1201  1241  1273  1243  1326  1251  1221  1315  1286  1211  1258  1281  1205  1238  1219  1227  1203  1271  
1256  1235  1265  1197  1287  1267  1290  1227  1226  1296  1275  1245  1317  1274  1265  1244  1215  1347  1205  1235  
1245  1242  1263  1312  1212  1341  1267  1196  1320  1273  1209  1265  1241  1245  1279  1235  1225  1286  1222  1214  
1236  1309  1297  1182  1258  1324  1205  1253  1260  1276  1207  1343  1252  1259  1243  1261  1266  1298  1247  1270  
1261  1260  1279  1273  1197  1204  1279  1321  1183  1151  1258  1264  1305  1264  1339  1198  1289  1195  1294  1323  
1288  1154  1309  1297  1239  1205  1234  1223  1180  1265  1277  1244  1242  1214  1289  1171  1216  1189  1310  1204  
1270  1222  1194  1215  1279  1322  1244  1235  1178  1271  1237  1279  1256  1227  1350  1219  1202  1249  1237  1204  
1201  1250  1249  1246  1202  1295  1225  1274  1173  1257  1176  1285  1223  1308  1220  1232  1245  1224  1271  1279  
1252  1240  1278  1238  1287  1243  1277  1275  1279  1236  1294  1309  1228  1281  1177  1263  1228  1245  1319  1275  
1292  1219  1215  1272  1254  1193  1211  1268  1203  1217  1296  1300  1230  1262  1281  1239  1199  1284  1208  1323  
1238  1260  1294  1233  1229  1282  1277  1279  1257  1225  1262  1319  1280  1212  1203  1226  1297  1230  1239  1242  
1300  1180  1231  1198  1283  1298  1277  1301  1273  1262  1260  1279  1204  1281  1260  1290  1228  1201  1268  1288  
1216  1197  1329  1177  1233  1183  1249  1254  1218  1231  1218  1236  1240  1268  1287  1210  1205  1264  1202  1196  
1266  1337  1207  1227  1278  1217  1256  1311  1262  1228  1303  1258  1229  1311  1217  1319  1255  1233  1271  1305  
1279  1276  1326  1283  1223  1238  1276  1214  1222  1239  1280  1225  1228  1288  1302  1252  1235  1244  1228  1280  
1286  1266  1281  1317  1249  1225  1272  1242  1241  1246  1199  1285  1249  1260  1200  1285  1264  1226  1255  1277  
1213  1245  1203  1307  1252  1241  1239  1220  1276  1215  1250  1170  1236  1182  1253  1244  1288  1273  1222  1165  
