1.19916
1237  1206  1240  1266  1289  1266  1270  1278  1209  1231  1193  1236  1237  1274  1201  1263  1289  1210  1230  1300  
1172  1308  1257  1240  1205  1267  1259  1266  1236  1191  1307  1249  1256  1248  1247  1184  1262  1198  1289  1245  
1245  1235  1246  1149  1263  1291  1245  1262  1308  1333  1249  1229  1229  1310  1255  1274  1255  1320  1238  1200  
1201  1208  1261  1305  1237  1237  1278  1266  1225  1261  1254  1236  1236  1233  1273  1273  1274  1269  1184  1349  
1220  1250  1284  1233  1278  1257  1251  1226  1254  1224  1229  1265  1325  1215  1280  1245  1221  1296  1255  1196  
1286  1243  1264  1326  1251  1240  1205  1302  1249  1246  1275  1199  1254  1317  1247  1186  1247  1255  1244  1252  
1237  1226  1238  1230  1237  1207  1289  1299  1254  1292  1206  1234  1177  1282  1235  1296  1299  1245  1241  1264  
1302  1251  1301  1143  1315  1250  1226  1270  1226  1314  1228  1196  1280  1237  1186  1262  1251  1273  1357  1233  
1209  1248  1255  1273  1191  1247  1207  1248  1220  1177  1186  1237  1224  1219  1214  1238  1241  1271  1222  1238  
1169  1251  1197  1265  1187  1253  1211  1230  1243  1266  1269  1221  1276  1226  1234  1234  1256  1283  1289  1261  
1209  1278  1212  1243  1220  1246  1213  1318  1284  1188  1205  1194  1289  1291  1309  1200  1212  1289  1297  1195  
1280  1221  1237  1197  1214  1266  1246  1272  1166  1222  1325  1233  1282  1218  1209  1248  1250  1242  1193  1257  
1259  1225  1200  1242  1258  1307  1222  1230  1229  1275  1209  1261  1286  1347  1300  1290  1257  1307  1274  1268  
1280  1284  1227  1265  1263  1274  1225  1312  1264  1233  1204  1244  1287  1264  1275  1256  1274  1273  1261  1267  
1233  1233  1308  1300  1280  1247  1310  1234  1210  1247  1217  1256  1273  1225  1338  1215  1200  1278  1303  1270  
1169  1243  1253  1258  1200  1251  1243  1160  1236  1265  1327  1219  1290  1242  1237  1189  1279  1215  1304  1233  
1183  1215  1261  1262  1264  1287  1233  1228  1219  1305  1204  1286  1239  1226  1185  1316  1208  1290  1237  1220  
1234  1323  1273  1260  1196  1390  1183  1191  1225  1346  1158  1318  1264  1182  1284  1210  1258  1230  1286  1260  
1297  1213  1246  1237  1286  1235  1275  1279  1287  1314  1304  1301  1224  1281  1230  1219  1211  1246  1245  1282  
1221  1240  1199  1268  1216  1262  1249  1273  1230  1225  1292  1283  1211  1247  1232  1211  1243  1266  1202  1255  
