1.19806
1205  1209  1246  1272  1256  1241  1254  1268  1274  1245  1222  1278  1195  1202  1251  1242  1265  1269  1204  1298  
1290  1265  1272  1262  1251  1259  1220  1333  1260  1159  1262  1277  1232  1252  1320  1254  1304  1228  1149  1290  
1340  1175  1240  1274  1254  1303  1296  1279  1286  1234  1283  1252  1233  1245  1314  1246  1226  1225  1240  1207  
1260  1226  1276  1227  1258  1250  1329  1208  1259  1174  1237  1206  1244  1207  1238  1273  1191  1312  1228  1278  
1271  1240  1242  1285  1263  1233  1196  1260  1268  1307  1236  1279  1278  1181  1250  1230  1279  1211  1288  1308  
1309  1220  1226  1217  1254  1239  1203  1330  1291  1243  1183  1347  1243  1232  1227  1185  1247  1272  1226  1246  
1305  1253  1246  1291  1319  1209  1246  1315  1241  1285  1229  1334  1261  1227  1306  1219  1201  1318  1275  1230  
1225  1280  1204  1249  1231  1215  1295  1262  1291  1288  1265  1249  1279  1232  1288  1282  1243  1268  1248  1252  
1279  1300  1297  1258  1254  1263  1270  1201  1253  1265  1257  1236  1288  1240  1207  1289  1290  1287  1312  1263  
1254  1241  1257  1187  1259  1241  1294  1288  1261  1177  1253  1220  1203  1288  1299  1279  1234  1229  1322  1204  
1206  1267  1191  1272  1256  1288  1206  1243  1295  1245  1299  1259  1253  1198  1167  1279  1265  1242  1288  1253  
1259  1292  1252  1188  1266  1284  1244  1239  1205  1279  1250  1255  1191  1306  1166  1198  1268  1186  1266  1198  
1239  1236  1256  1266  1282  1265  1226  1278  1291  1211  1254  1231  1222  1259  1333  1308  1176  1272  1191  1212  
1230  1201  1260  1246  1324  1222  1227  1193  1249  1196  1304  1246  1290  1213  1307  1221  1248  1226  1224  1126  
1184  1278  1216  1247  1274  1235  1268  1280  1227  1222  1271  1345  1245  1237  1238  1225  1229  1305  1218  1286  
1230  1231  1250  1220  1180  1243  1295  1228  1296  1201  1284  1243  1260  1234  1231  1242  1166  1240  1303  1213  
1279  1305  1226  1233  1301  1193  1256  1212  1259  1255  1214  1278  1219  1254  1255  1154  1263  1255  1202  1248  
1278  1216  1229  1278  1214  1281  1223  1225  1178  1234  1216  1222  1215  1310  1125  1234  1266  1246  1228  1340  
1284  1273  1239  1283  1222  1275  1154  1257  1180  1243  1225  1255  1202  1270  1206  1262  1181  1181  1214  1252  
1267  1277  1234  1194  1222  1236  1264  1260  1241  1215  1282  1236  1242  1268  1276  1266  1263  1281  1288  1277  
