1.19993
1284  1260  1252  1240  1268  1268  1263  1266  1272  1180  1196  1253  1300  1212  1218  1259  1284  1351  1211  1243  
1295  1260  1217  1326  1314  1238  1260  1328  1300  1282  1273  1215  1261  1266  1220  1266  1242  1205  1258  1260  
1193  1267  1208  1196  1259  1217  1273  1220  1243  1289  1249  1265  1243  1278  1239  1256  1243  1261  1269  1203  
1263  1250  1280  1226  1248  1281  1171  1272  1250  1243  1257  1247  1279  1274  1184  1217  1177  1191  1237  1267  
1254  1277  1177  1217  1250  1291  1324  1300  1264  1221  1282  1235  1189  1247  1263  1262  1246  1230  1199  1192  
1279  1226  1232  1331  1271  1302  1214  1206  1300  1139  1276  1246  1241  1220  1300  1217  1355  1285  1269  1246  
1226  1260  1201  1269  1264  1269  1302  1263  1298  1264  1306  1230  1253  1237  1222  1230  1208  1190  1284  1198  
1247  1332  1274  1301  1275  1236  1281  1272  1261  1199  1155  1321  1271  1292  1251  1264  1276  1212  1210  1307  
1260  1221  1342  1247  1314  1226  1243  1289  1251  1304  1242  1221  1315  1291  1265  1206  1271  1241  1298  1211  
1290  1271  1298  1195  1236  1172  1282  1232  1253  1271  1206  1237  1247  1243  1239  1324  1227  1234  1170  1177  
1253  1302  1252  1289  1262  1235  1215  1270  1249  1245  1248  1200  1296  1232  1251  1277  1268  1244  1224  1218  
1219  1280  1197  1231  1243  1234  1246  1292  1229  1259  1258  1252  1279  1194  1267  1283  1237  1163  1211  1267  
1278  1264  1264  1306  1204  1273  1228  1279  1253  1264  1257  1233  1225  1316  1272  1309  1227  1211  1275  1324  
1306  1262  1221  1276  1262  1228  1257  1197  1283  1298  1292  1183  1247  1222  1193  1224  1259  1271  1263  1274  
1293  1203  1173  1320  1179  1228  1218  1170  1214  1209  1205  1208  1212  1327  1261  1239  1262  1235  1260  1219  
1259  1289  1208  1206  1154  1270  1269  1221  1254  1246  1280  1210  1230  1233  1220  1237  1205  1268  1215  1280  
1373  1236  1266  1275  1236  1229  1244  1243  1233  1199  1253  1272  1284  1311  1296  1263  1249  1278  1238  1288  
1287  1238  1217  1163  1277  1232  1276  1220  1242  1287  1277  1279  1266  1232  1262  1237  1205  1263  1223  1264  
1267  1272  1269  1277  1195  1288  1199  1256  1193  1194  1214  1248  1182  1229  1225  1255  1282  1209  1257  1246  
1213  1262  1204  1260  1197  1213  1287  1177  1276  1199  1262  1267  1282  1262  1283  1241  1290  1226  1272  1173  
