1.20127
1204  1308  1209  1257  1282  1302  1320  1250  1233  1314  1325  1201  1211  1267  1249  1247  1209  1273  1256  1249  
1269  1224  1275  1323  1294  1277  1381  1239  1246  1246  1248  1286  1286  1165  1214  1280  1223  1266  1265  1323  
1270  1238  1216  1286  1282  1246  1269  1248  1292  1291  1247  1235  1318  1232  1242  1297  1233  1210  1227  1197  
1283  1271  1247  1254  1234  1236  1238  1284  1288  1242  1224  1294  1275  1277  1237  1230  1213  1221  1310  1251  
1217  1205  1252  1231  1305  1320  1232  1328  1254  1182  1253  1220  1260  1185  1303  1226  1266  1237  1191  1246  
1259  1296  1282  1239  1254  1238  1244  1326  1276  1199  1220  1265  1277  1222  1242  1243  1254  1284  1248  1229  
1303  1249  1237  1262  1242  1236  1329  1182  1203  1259  1268  1257  1198  1214  1236  1246  1253  1234  1258  1183  
1226  1247  1259  1238  1181  1241  1238  1222  1285  1315  1228  1279  1331  1207  1290  1216  1286  1203  1249  1333  
1259  1221  1254  1236  1302  1239  1249  1258  1286  1216  1295  1280  1240  1310  1217  1195  1254  1274  1290  1272  
1277  1253  1252  1260  1269  1224  1277  1249  1183  1292  1251  1254  1155  1295  1236  1299  1195  1270  1251  1190  
1188  1263  1256  1267  1208  1235  1308  1218  1192  1247  1229  1251  1186  1287  1188  1239  1260  1225  1256  1256  
1249  1258  1208  1299  1219  1241  1315  1258  1258  1308  1281  1233  1326  1190  1254  1239  1231  1198  1288  1253  
1289  1207  1242  1230  1165  1222  1227  1280  1200  1250  1322  1185  1237  1196  1209  1296  1228  1178  1238  1299  
1260  1186  1330  1319  1254  1236  1249  1184  1196  1249  1247  1245  1290  1264  1320  1272  1208  1246  1307  1277  
1261  1309  1186  1272  1273  1322  1171  1253  1249  1185  1281  1231  1270  1296  1255  1254  1251  1234  1214  1196  
1233  1291  1247  1314  1284  1160  1246  1283  1308  1262  1188  1250  1198  1243  1214  1289  1238  1237  1270  1241  
1360  1269  1263  1266  1168  1215  1131  1200  1250  1248  1295  1238  1273  1210  1246  1282  1190  1233  1293  1239  
1325  1205  1293  1251  1241  1266  1206  1234  1296  1221  1264  1266  1269  1274  1270  1268  1228  1314  1300  1197  
1265  1227  1217  1222  1259  1232  1263  1224  1288  1205  1330  1247  1201  1239  1234  1212  1165  1241  1226  1294  
1233  1224  1229  1241  1311  1176  1202  1247  1239  1299  1191  1233  1269  1211  1223  1321  1236  1230  1249  1201  
