1.19879
1211  1256  1277  1213  1227  1240  1269  1246  1310  1252  1227  1261  1293  1278  1236  1247  1247  1326  1217  1202  
1222  1209  1243  1217  1253  1329  1301  1295  1260  1270  1306  1276  1243  1270  1226  1234  1268  1194  1246  1222  
1203  1192  1267  1301  1181  1322  1245  1290  1285  1176  1215  1192  1233  1245  1253  1242  1179  1197  1219  1215  
1242  1286  1191  1240  1313  1271  1219  1265  1248  1282  1262  1264  1285  1260  1262  1231  1258  1287  1309  1314  
1200  1218  1263  1274  1308  1242  1288  1232  1178  1291  1234  1216  1281  1255  1317  1208  1280  1219  1336  1296  
1209  1252  1236  1262  1264  1301  1263  1269  1252  1297  1279  1231  1272  1248  1271  1227  1196  1282  1276  1234  
1244  1226  1276  1259  1185  1306  1206  1261  1293  1297  1192  1276  1234  1174  1247  1215  1306  1280  1252  1268  
1276  1298  1248  1278  1272  1358  1223  1284  1238  1247  1213  1269  1257  1243  1239  1225  1249  1272  1196  1253  
1270  1222  1241  1234  1275  1276  1318  1281  1269  1247  1293  1243  1196  1314  1276  1205  1267  1243  1232  1215  
1224  1237  1202  1270  1265  1271  1257  1187  1247  1224  1281  1276  1270  1234  1243  1213  1263  1282  1256  1236  
1278  1237  1330  1246  1285  1240  1234  1184  1262  1181  1221  1175  1262  1240  1139  1289  1249  1252  1242  1303  
1251  1250  1277  1232  1287  1227  1195  1253  1262  1250  1164  1265  1299  1277  1175  1237  1219  1232  1215  1221  
1299  1253  1220  1263  1210  1239  1265  1159  1259  1311  1265  1312  1221  1232  1261  1272  1266  1247  1281  1291  
1201  1238  1325  1213  1201  1227  1308  1300  1163  1265  1237  1192  1324  1170  1317  1197  1274  1220  1202  1259  
1244  1260  1181  1237  1189  1269  1228  1278  1257  1243  1267  1222  1195  1292  1268  1277  1220  1260  1255  1242  
1232  1261  1335  1259  1251  1234  1291  1178  1217  1230  1196  1223  1281  1216  1233  1225  1356  1212  1186  1299  
1201  1276  1222  1259  1249  1277  1200  1283  1220  1206  1279  1263  1237  1277  1160  1280  1250  1249  1279  1272  
1205  1191  1290  1247  1192  1269  1237  1261  1285  1338  1259  1259  1265  1289  1260  1255  1218  1294  1266  1205  
1201  1224  1314  1322  1315  1266  1295  1218  1287  1277  1244  1257  1266  1213  1246  1239  1283  1252  1243  1237  
1222  1255  1219  1224  1250  1173  1281  1297  1277  1295  1275  1174  1243  1203  1310  1211  1235  1222  1268  1188  
