1.19777
1208  1197  1258  1266  1271  1247  1301  1291  1233  1257  1261  1242  1291  1259  1270  1197  1211  1252  1195  1244  
1273  1128  1208  1258  1220  1231  1190  1280  1184  1205  1196  1261  1278  1209  1223  1206  1254  1249  1275  1261  
1216  1302  1211  1266  1210  1282  1297  1226  1224  1269  1276  1152  1265  1212  1237  1267  1216  1249  1274  1265  
1219  1224  1297  1166  1257  1290  1280  1253  1210  1230  1176  1232  1279  1208  1248  1249  1259  1183  1203  1274  
1261  1224  1251  1240  1257  1230  1245  1355  1281  1295  1271  1245  1311  1286  1351  1232  1269  1236  1225  1247  
1236  1246  1263  1301  1268  1223  1255  1294  1233  1189  1268  1290  1260  1250  1318  1146  1180  1200  1261  1254  
1217  1224  1202  1178  1204  1264  1243  1226  1269  1223  1297  1226  1270  1250  1257  1283  1252  1278  1258  1229  
1219  1236  1321  1213  1247  1224  1190  1316  1235  1257  1254  1228  1182  1275  1238  1270  1264  1233  1245  1281  
1166  1225  1212  1212  1201  1295  1259  1363  1242  1139  1317  1228  1231  1174  1299  1292  1242  1209  1240  1256  
1196  1283  1220  1292  1269  1217  1276  1238  1258  1237  1231  1258  1312  1251  1253  1268  1256  1292  1230  1281  
1275  1293  1189  1207  1219  1279  1279  1300  1203  1158  1267  1294  1265  1187  1282  1246  1191  1207  1281  1267  
1228  1277  1202  1219  1336  1205  1155  1251  1343  1229  1243  1226  1293  1244  1314  1276  1259  1233  1273  1258  
1294  1215  1246  1241  1189  1216  1228  1246  1286  1176  1267  1242  1296  1253  1238  1225  1213  1171  1270  1217  
1217  1280  1254  1209  1333  1242  1252  1240  1228  1217  1241  1230  1253  1258  1172  1240  1279  1290  1232  1313  
1232  1299  1313  1337  1252  1224  1259  1218  1271  1232  1316  1191  1214  1212  1209  1291  1264  1249  1190  1215  
1226  1171  1306  1281  1227  1271  1257  1250  1262  1229  1285  1277  1246  1279  1259  1232  1275  1230  1305  1249  
1285  1245  1235  1278  1262  1222  1242  1276  1249  1288  1255  1278  1317  1213  1220  1275  1260  1327  1245  1193  
1232  1287  1294  1247  1244  1243  1247  1261  1235  1214  1255  1292  1206  1299  1180  1236  1216  1288  1253  1238  
1303  1274  1288  1286  1203  1259  1313  1259  1242  1268  1231  1237  1262  1215  1221  1234  1227  1280  1221  1212  
1250  1196  1265  1234  1209  1266  1263  1215  1261  1320  1268  1315  1243  1297  1303  1207  1294  1264  1285  1338  
