1.20006
1321  1250  1288  1264  1236  1342  1226  1298  1293  1221  1308  1297  1198  1220  1233  1231  1245  1256  1277  1270  
1320  1252  1268  1212  1223  1293  1290  1286  1202  1288  1241  1223  1256  1225  1369  1224  1242  1287  1223  1285  
1273  1201  1212  1214  1269  1250  1277  1287  1244  1275  1287  1305  1165  1288  1285  1266  1273  1274  1236  1286  
1247  1260  1292  1237  1255  1224  1270  1241  1254  1258  1247  1205  1215  1286  1252  1231  1188  1321  1252  1209  
1239  1227  1246  1209  1302  1273  1291  1219  1197  1208  1269  1231  1222  1192  1205  1299  1240  1240  1219  1223  
1247  1243  1213  1236  1230  1237  1213  1274  1231  1290  1253  1247  1253  1173  1225  1208  1269  1220  1306  1264  
1252  1240  1329  1228  1235  1275  1214  1277  1263  1259  1290  1273  1251  1265  1248  1292  1245  1293  1235  1243  
1273  1205  1247  1261  1234  1251  1302  1287  1302  1265  1167  1253  1245  1193  1213  1254  1201  1255  1254  1261  
1237  1261  1208  1253  1248  1291  1269  1261  1209  1262  1184  1222  1255  1192  1274  1219  1231  1256  1200  1311  
1246  1284  1195  1230  1272  1229  1215  1246  1228  1249  1293  1219  1249  1265  1257  1212  1322  1215  1275  1220  
1227  1329  1246  1154  1279  1232  1278  1269  1258  1324  1245  1199  1239  1226  1254  1209  1284  1205  1259  1209  
1246  1267  1247  1299  1221  1287  1233  1283  1222  1280  1245  1231  1235  1263  1233  1252  1244  1236  1174  1262  
1223  1287  1262  1259  1261  1249  1253  1280  1243  1235  1222  1251  1226  1240  1267  1281  1222  1329  1212  1216  
1282  1248  1301  1276  1246  1268  1205  1233  1217  1233  1308  1232  1268  1267  1208  1248  1261  1276  1259  1226  
1245  1212  1260  1238  1212  1201  1224  1323  1239  1233  1237  1239  1237  1279  1256  1226  1223  1236  1210  1246  
1289  1318  1202  1287  1250  1308  1222  1225  1122  1199  1291  1259  1223  1293  1272  1256  1239  1227  1284  1263  
1283  1311  1242  1245  1274  1241  1243  1314  1185  1292  1228  1196  1202  1236  1254  1255  1273  1280  1213  1222  
1270  1204  1290  1275  1244  1296  1179  1213  1282  1221  1179  1195  1253  1233  1243  1245  1333  1272  1222  1258  
1203  1248  1289  1224  1268  1190  1270  1199  1301  1228  1236  1227  1313  1245  1261  1272  1214  1227  1313  1217  
1286  1313  1213  1290  1281  1292  1311  1305  1304  1272  1166  1240  1210  1203  1298  1258  1298  1301  1276  1256  
