1.19916
1273  1268  1226  1228  1258  1264  1254  1221  1281  1197  1232  1330  1182  1237  1233  1260  1216  1227  1307  1222  
1209  1220  1258  1210  1272  1258  1238  1320  1282  1275  1243  1289  1209  1276  1239  1257  1250  1269  1217  1236  
1243  1258  1275  1273  1239  1219  1228  1256  1274  1214  1249  1309  1173  1158  1239  1210  1187  1236  1220  1320  
1295  1289  1202  1259  1214  1243  1332  1282  1282  1154  1279  1268  1218  1268  1228  1285  1201  1229  1238  1198  
1287  1270  1260  1224  1241  1256  1217  1300  1234  1261  1176  1243  1269  1206  1315  1217  1252  1243  1251  1284  
1277  1274  1207  1267  1283  1252  1288  1245  1246  1260  1278  1327  1237  1222  1225  1239  1333  1301  1254  1256  
1268  1219  1277  1242  1284  1201  1252  1220  1301  1270  1301  1220  1236  1290  1240  1229  1329  1257  1283  1315  
1256  1299  1238  1262  1236  1213  1279  1305  1273  1251  1331  1250  1270  1280  1213  1258  1240  1248  1238  1194  
1191  1262  1293  1270  1252  1271  1252  1220  1166  1201  1239  1218  1201  1212  1220  1262  1237  1254  1278  1198  
1194  1304  1221  1248  1228  1157  1257  1226  1249  1257  1243  1247  1240  1266  1259  1222  1295  1246  1252  1247  
1268  1249  1248  1260  1296  1257  1286  1295  1215  1276  1256  1223  1320  1253  1144  1209  1300  1290  1259  1238  
1235  1185  1230  1258  1273  1251  1324  1248  1257  1261  1213  1213  1226  1232  1222  1193  1247  1272  1255  1227  
1252  1243  1295  1273  1254  1271  1182  1264  1209  1233  1280  1274  1272  1162  1257  1203  1210  1254  1258  1146  
1247  1280  1259  1227  1248  1248  1243  1234  1275  1278  1250  1241  1289  1211  1246  1178  1229  1216  1255  1177  
1238  1220  1257  1235  1312  1233  1263  1285  1227  1293  1236  1307  1254  1272  1184  1298  1243  1266  1258  1354  
1243  1275  1222  1201  1241  1245  1222  1268  1156  1223  1219  1235  1244  1259  1254  1184  1286  1201  1217  1292  
1319  1314  1282  1265  1274  1270  1251  1309  1157  1221  1253  1199  1245  1215  1172  1245  1149  1228  1278  1227  
1273  1232  1249  1178  1241  1196  1340  1250  1215  1202  1212  1237  1246  1240  1216  1237  1218  1261  1249  1320  
1330  1263  1190  1297  1308  1229  1265  1265  1284  1292  1245  1210  1260  1251  1259  1245  1260  1286  1189  1312  
1229  1261  1228  1217  1218  1297  1285  1139  1279  1192  1280  1267  1193  1246  1155  1249  1305  1354  1256  1219  
