1.19842
1174  1249  1256  1262  1261  1253  1307  1262  1314  1221  1200  1316  1313  1217  1326  1192  1211  1268  1256  1258  
1228  1201  1216  1236  1332  1271  1262  1309  1193  1264  1259  1233  1337  1180  1303  1231  1273  1223  1336  1242  
1192  1240  1237  1278  1221  1330  1293  1247  1320  1242  1225  1170  1297  1249  1312  1216  1235  1223  1265  1210  
1213  1239  1301  1285  1227  1366  1193  1255  1235  1333  1312  1191  1233  1261  1293  1267  1238  1238  1265  1304  
1284  1253  1261  1229  1263  1208  1275  1231  1269  1199  1219  1221  1241  1314  1324  1293  1243  1285  1266  1213  
1273  1263  1249  1231  1329  1309  1208  1232  1269  1240  1214  1247  1167  1191  1271  1175  1204  1215  1288  1246  
1290  1220  1305  1223  1218  1330  1197  1288  1251  1216  1358  1232  1274  1182  1246  1276  1225  1235  1271  1235  
1228  1228  1193  1303  1216  1335  1306  1237  1264  1278  1279  1209  1224  1286  1249  1245  1238  1233  1241  1258  
1254  1320  1213  1266  1214  1270  1216  1254  1236  1206  1212  1288  1306  1245  1271  1243  1247  1235  1184  1278  
1165  1235  1235  1228  1226  1268  1218  1213  1154  1276  1192  1208  1249  1214  1235  1241  1238  1345  1250  1292  
1296  1294  1217  1300  1250  1217  1277  1204  1219  1209  1257  1233  1256  1192  1191  1230  1216  1191  1227  1243  
1246  1249  1227  1138  1243  1281  1228  1283  1171  1206  1244  1287  1261  1236  1224  1205  1234  1251  1215  1234  
1291  1198  1266  1230  1250  1307  1232  1190  1300  1226  1182  1357  1213  1272  1306  1297  1174  1283  1219  1233  
1192  1266  1232  1268  1239  1210  1316  1311  1235  1222  1302  1270  1226  1249  1247  1304  1311  1241  1282  1255  
1253  1265  1267  1198  1199  1244  1202  1328  1255  1204  1212  1306  1144  1292  1229  1254  1301  1276  1226  1192  
1214  1345  1218  1245  1219  1252  1222  1310  1220  1224  1254  1244  1238  1261  1249  1262  1324  1242  1272  1290  
1199  1182  1227  1261  1240  1279  1249  1242  1195  1265  1187  1290  1315  1178  1215  1296  1215  1250  1204  1202  
1118  1242  1318  1256  1204  1282  1243  1271  1255  1301  1277  1238  1233  1270  1186  1261  1251  1304  1272  1211  
1226  1273  1208  1265  1309  1292  1292  1324  1260  1207  1289  1236  1270  1203  1234  1214  1264  1302  1232  1190  
1254  1287  1247  1265  1264  1242  1333  1300  1247  1199  1246  1198  1271  1286  1269  1283  1179  1149  1242  1254  
