1.19802
1165  1304  1221  1276  1315  1266  1214  1225  1249  1180  1222  1203  1323  1236  1207  1202  1241  1256  1269  1217  
1250  1210  1241  1179  1177  1202  1291  1255  1289  1254  1314  1240  1168  1258  1189  1274  1302  1213  1236  1213  
1233  1267  1285  1295  1251  1236  1268  1265  1182  1250  1293  1287  1313  1267  1335  1278  1262  1357  1248  1264  
1262  1275  1271  1235  1216  1280  1294  1289  1287  1280  1268  1191  1240  1248  1272  1192  1232  1252  1322  1272  
1244  1176  1281  1237  1225  1223  1243  1247  1255  1291  1298  1274  1249  1159  1256  1268  1251  1276  1254  1314  
1215  1297  1267  1272  1270  1314  1195  1239  1310  1275  1216  1249  1275  1324  1263  1253  1224  1216  1174  1192  
1295  1313  1246  1208  1237  1193  1302  1327  1275  1262  1252  1203  1309  1216  1280  1228  1305  1170  1258  1220  
1247  1260  1204  1276  1234  1254  1245  1279  1269  1289  1235  1288  1216  1221  1235  1290  1242  1280  1175  1204  
1282  1254  1241  1250  1356  1236  1196  1234  1299  1258  1234  1250  1183  1235  1235  1320  1237  1213  1193  1199  
1174  1201  1211  1260  1183  1224  1306  1240  1198  1293  1276  1207  1243  1245  1261  1295  1253  1194  1234  1159  
1262  1223  1212  1224  1291  1273  1232  1292  1255  1252  1257  1265  1232  1183  1230  1202  1220  1292  1238  1249  
1246  1208  1284  1276  1253  1291  1208  1195  1208  1307  1290  1189  1245  1167  1200  1250  1233  1200  1235  1196  
1201  1334  1250  1265  1188  1222  1220  1270  1253  1250  1233  1281  1312  1278  1240  1279  1243  1259  1286  1272  
1215  1229  1292  1266  1288  1317  1227  1240  1206  1235  1214  1210  1316  1291  1221  1290  1311  1288  1258  1236  
1265  1267  1247  1224  1218  1256  1212  1236  1221  1231  1231  1201  1261  1238  1214  1272  1233  1243  1236  1262  
1245  1199  1275  1232  1256  1245  1281  1288  1276  1269  1292  1211  1267  1185  1317  1251  1240  1299  1236  1355  
1261  1313  1246  1236  1223  1218  1233  1319  1205  1210  1242  1244  1243  1202  1178  1253  1268  1249  1257  1223  
1372  1162  1254  1183  1293  1276  1177  1251  1272  1229  1245  1298  1309  1275  1225  1209  1309  1227  1213  1259  
1288  1202  1276  1261  1245  1229  1230  1249  1241  1207  1222  1248  1234  1255  1226  1198  1297  1204  1268  1253  
1224  1264  1229  1195  1297  1247  1226  1273  1286  1249  1239  1135  1297  1221  1211  1254  1223  1256  1254  1259  
