1.19933
1263  1212  1244  1213  1231  1274  1241  1213  1225  1259  1219  1286  1247  1241  1175  1267  1216  1325  1245  1295  
1204  1302  1228  1255  1237  1278  1213  1286  1159  1180  1267  1267  1318  1258  1214  1274  1229  1245  1229  1248  
1313  1250  1314  1257  1324  1225  1307  1258  1233  1264  1252  1279  1205  1280  1295  1325  1249  1173  1256  1292  
1240  1273  1202  1238  1215  1221  1203  1286  1245  1213  1218  1250  1260  1234  1246  1283  1219  1188  1284  1249  
1249  1258  1270  1253  1247  1275  1251  1321  1233  1224  1310  1315  1228  1308  1224  1214  1287  1231  1203  1189  
1242  1189  1121  1303  1279  1218  1244  1218  1305  1198  1223  1261  1279  1322  1312  1262  1222  1239  1158  1287  
1295  1248  1280  1185  1285  1246  1255  1202  1316  1274  1267  1205  1281  1308  1270  1296  1260  1274  1277  1275  
1258  1226  1285  1224  1242  1195  1252  1330  1272  1264  1295  1246  1315  1222  1328  1212  1251  1240  1192  1296  
1266  1304  1224  1223  1212  1193  1289  1253  1276  1232  1279  1191  1224  1190  1268  1248  1197  1169  1278  1165  
1216  1278  1265  1203  1185  1260  1193  1335  1266  1302  1257  1202  1220  1273  1196  1187  1255  1246  1274  1199  
1242  1215  1228  1225  1260  1267  1223  1193  1273  1256  1255  1254  1276  1228  1247  1253  1236  1145  1271  1243  
1251  1241  1252  1259  1283  1287  1222  1333  1137  1289  1261  1330  1282  1295  1252  1275  1276  1257  1288  1250  
1319  1224  1292  1222  1233  1267  1224  1267  1213  1248  1209  1228  1278  1263  1215  1240  1258  1236  1174  1272  
1319  1236  1256  1284  1253  1225  1224  1261  1265  1282  1136  1205  1290  1237  1212  1287  1229  1243  1358  1222  
1351  1260  1260  1171  1265  1276  1343  1161  1249  1231  1229  1205  1246  1324  1204  1177  1197  1279  1251  1226  
1331  1230  1309  1245  1265  1243  1208  1257  1239  1271  1209  1303  1252  1315  1230  1258  1259  1214  1248  1206  
1244  1300  1246  1248  1338  1233  1235  1279  1290  1223  1275  1252  1238  1279  1267  1248  1248  1298  1301  1215  
1232  1270  1247  1252  1238  1250  1199  1225  1192  1222  1213  1306  1297  1296  1281  1299  1238  1376  1284  1278  
1189  1312  1293  1201  1252  1261  1239  1239  1225  1196  1184  1218  1289  1278  1269  1223  1227  1256  1263  1309  
1209  1171  1286  1187  1252  1230  1262  1260  1278  1300  1198  1181  1239  1212  1210  1258  1228  1214  1255  1224  
