1.20088
1316  1293  1269  1253  1257  1194  1267  1238  1209  1263  1249  1257  1266  1217  1131  1293  1237  1191  1263  1196  
1271  1230  1216  1263  1259  1206  1225  1183  1259  1261  1231  1245  1228  1287  1270  1219  1212  1275  1191  1275  
1220  1240  1255  1180  1212  1329  1252  1295  1262  1262  1188  1264  1221  1271  1221  1266  1241  1223  1323  1290  
1203  1285  1271  1284  1248  1264  1246  1227  1301  1331  1247  1300  1224  1174  1249  1266  1211  1293  1282  1211  
1245  1207  1258  1299  1215  1283  1133  1229  1275  1244  1290  1260  1229  1232  1224  1228  1258  1280  1264  1202  
1299  1259  1201  1205  1272  1232  1233  1302  1242  1253  1303  1199  1291  1236  1215  1232  1239  1258  1187  1250  
1291  1297  1264  1198  1198  1242  1342  1218  1307  1279  1194  1247  1240  1216  1220  1260  1237  1267  1292  1308  
1282  1221  1304  1249  1257  1212  1218  1200  1266  1180  1277  1320  1254  1244  1294  1303  1294  1263  1228  1265  
1273  1187  1295  1233  1291  1271  1228  1206  1287  1247  1270  1249  1215  1253  1260  1220  1264  1199  1246  1317  
1179  1262  1271  1263  1191  1238  1291  1293  1235  1245  1187  1304  1279  1307  1282  1310  1198  1263  1299  1191  
1239  1145  1234  1211  1235  1242  1249  1254  1178  1279  1162  1201  1287  1210  1246  1260  1255  1289  1273  1231  
1279  1276  1234  1210  1221  1239  1299  1280  1191  1214  1202  1235  1238  1251  1281  1239  1279  1228  1236  1304  
1269  1281  1267  1252  1242  1265  1234  1244  1240  1295  1229  1228  1230  1196  1239  1280  1152  1222  1248  1274  
1235  1216  1307  1222  1280  1273  1261  1255  1252  1290  1254  1263  1311  1258  1230  1220  1320  1280  1293  1216  
1166  1244  1243  1293  1223  1250  1254  1174  1186  1232  1349  1179  1216  1277  1224  1206  1279  1282  1263  1256  
1242  1258  1274  1299  1238  1173  1249  1169  1212  1229  1248  1214  1207  1269  1318  1194  1242  1218  1284  1267  
1236  1243  1264  1308  1216  1248  1275  1350  1219  1256  1256  1181  1219  1301  1211  1244  1245  1238  1238  1271  
1196  1215  1259  1299  1264  1264  1212  1297  1289  1280  1273  1275  1210  1223  1278  1199  1313  1246  1221  1310  
1195  1218  1278  1275  1247  1273  1246  1226  1361  1202  1206  1258  1183  1287  1191  1285  1224  1254  1355  1277  
1271  1248  1213  1211  1289  1273  1325  1288  1292  1290  1293  1231  1235  1242  1295  1225  1241  1279  1233  1251  
