1.19998
1279  1226  1267  1329  1313  1302  1243  1194  1271  1208  1227  1216  1268  1274  1224  1252  1256  1260  1218  1268  
1236  1183  1265  1262  1214  1231  1202  1283  1215  1201  1281  1193  1237  1298  1291  1267  1222  1263  1264  1185  
1221  1198  1235  1264  1240  1282  1256  1244  1245  1248  1266  1257  1242  1286  1273  1228  1228  1261  1268  1189  
1269  1253  1282  1228  1239  1258  1261  1269  1195  1236  1250  1242  1235  1243  1280  1306  1262  1248  1189  1247  
1241  1265  1196  1157  1299  1276  1227  1294  1156  1260  1206  1251  1237  1241  1303  1329  1260  1284  1280  1287  
1265  1215  1284  1295  1271  1275  1213  1272  1300  1230  1254  1298  1216  1313  1266  1239  1233  1219  1258  1223  
1269  1182  1292  1225  1145  1251  1222  1244  1288  1267  1220  1205  1241  1322  1190  1208  1254  1314  1228  1273  
1274  1253  1245  1205  1285  1253  1273  1199  1247  1235  1277  1276  1276  1266  1296  1250  1180  1309  1258  1292  
1247  1209  1211  1207  1310  1271  1293  1210  1291  1256  1295  1301  1232  1201  1231  1286  1254  1206  1279  1258  
1232  1265  1257  1237  1316  1203  1264  1240  1281  1246  1246  1238  1202  1212  1273  1281  1231  1321  1259  1233  
1218  1230  1261  1249  1240  1251  1245  1259  1268  1241  1266  1250  1240  1258  1303  1237  1279  1326  1185  1200  
1221  1250  1305  1296  1242  1334  1271  1229  1274  1235  1295  1271  1201  1253  1195  1250  1256  1254  1224  1323  
1241  1311  1178  1286  1314  1246  1291  1236  1220  1245  1233  1207  1316  1236  1265  1268  1277  1232  1265  1245  
1245  1227  1252  1227  1268  1209  1290  1287  1245  1287  1235  1290  1195  1274  1273  1245  1240  1217  1333  1261  
1188  1311  1257  1261  1338  1199  1281  1288  1235  1267  1243  1248  1274  1227  1274  1252  1287  1223  1226  1267  
1229  1219  1287  1278  1242  1275  1238  1287  1284  1252  1218  1237  1240  1174  1262  1246  1275  1248  1301  1239  
1261  1285  1279  1222  1250  1168  1256  1285  1200  1340  1170  1275  1233  1206  1298  1234  1255  1269  1209  1268  
1281  1316  1257  1223  1184  1205  1238  1219  1301  1292  1213  1184  1256  1256  1238  1236  1264  1189  1226  1191  
1239  1228  1221  1205  1277  1258  1316  1316  1224  1248  1220  1200  1258  1295  1311  1285  1229  1267  1168  1210  
1240  1218  1229  1272  1200  1225  1316  1261  1235  1221  1244  1268  1260  1235  1227  1289  1253  1257  1255  1230  
