1.19939
1212  1281  1254  1297  1235  1217  1209  1300  1240  1223  1309  1246  1232  1259  1295  1178  1215  1184  1271  1279  
1293  1298  1323  1250  1297  1227  1296  1315  1241  1184  1197  1278  1256  1329  1270  1256  1163  1236  1265  1227  
1236  1229  1258  1169  1305  1319  1269  1237  1230  1321  1211  1238  1238  1289  1286  1278  1250  1243  1212  1293  
1307  1270  1262  1200  1282  1290  1319  1342  1289  1282  1192  1209  1198  1304  1197  1230  1223  1263  1236  1205  
1277  1259  1297  1270  1273  1182  1241  1300  1266  1184  1207  1230  1301  1242  1236  1215  1294  1207  1255  1210  
1372  1212  1258  1237  1281  1241  1278  1241  1198  1249  1263  1235  1272  1217  1245  1241  1227  1258  1220  1203  
1282  1198  1335  1272  1248  1268  1247  1291  1182  1234  1167  1224  1248  1210  1330  1246  1297  1266  1262  1326  
1239  1241  1239  1271  1227  1239  1256  1266  1244  1231  1258  1290  1219  1193  1218  1309  1260  1261  1277  1265  
1221  1318  1223  1267  1206  1343  1291  1289  1257  1181  1224  1271  1241  1248  1198  1268  1257  1325  1214  1282  
1301  1240  1280  1242  1259  1223  1311  1267  1183  1241  1180  1245  1214  1255  1337  1266  1239  1244  1256  1254  
1284  1228  1223  1203  1233  1205  1285  1248  1229  1244  1256  1256  1252  1199  1306  1276  1163  1212  1228  1274  
1227  1227  1252  1174  1306  1263  1237  1284  1240  1266  1230  1337  1247  1279  1180  1283  1230  1201  1310  1280  
1218  1192  1230  1256  1215  1266  1310  1269  1299  1284  1339  1264  1270  1294  1329  1222  1299  1281  1299  1256  
1285  1233  1202  1263  1222  1223  1212  1275  1174  1188  1330  1240  1304  1170  1253  1295  1273  1326  1186  1302  
1197  1219  1298  1323  1227  1284  1264  1222  1228  1224  1203  1250  1212  1267  1266  1209  1229  1237  1260  1222  
1254  1225  1253  1321  1226  1282  1284  1241  1234  1162  1223  1301  1237  1286  1236  1273  1178  1295  1236  1286  
1326  1188  1200  1241  1183  1178  1206  1254  1243  1219  1206  1187  1184  1295  1257  1206  1230  1280  1235  1192  
1245  1294  1280  1235  1278  1286  1246  1224  1251  1189  1200  1184  1200  1257  1261  1277  1284  1262  1216  1222  
1262  1235  1264  1284  1248  1239  1223  1242  1275  1217  1245  1223  1311  1234  1212  1326  1284  1263  1289  1260  
1238  1291  1252  1258  1226  1275  1286  1250  1257  1202  1261  1255  1265  1261  1216  1247  1198  1242  1184  1177  
