1.19983
1220  1262  1201  1279  1237  1254  1293  1289  1239  1239  1222  1341  1303  1291  1313  1312  1222  1251  1288  1260  
1264  1274  1254  1211  1294  1326  1278  1213  1174  1209  1260  1277  1219  1225  1229  1278  1218  1232  1274  1294  
1183  1244  1238  1213  1310  1243  1255  1299  1202  1199  1255  1262  1281  1203  1231  1282  1226  1279  1294  1250  
1279  1277  1217  1229  1221  1312  1198  1293  1270  1216  1224  1247  1280  1219  1278  1246  1232  1188  1237  1249  
1199  1204  1286  1232  1273  1305  1218  1250  1238  1204  1224  1231  1300  1307  1322  1205  1226  1205  1297  1229  
1340  1290  1221  1259  1298  1268  1296  1269  1219  1279  1270  1272  1147  1233  1218  1346  1234  1226  1365  1263  
1272  1227  1228  1293  1210  1265  1274  1259  1248  1269  1221  1217  1223  1210  1292  1240  1203  1226  1294  1250  
1315  1250  1203  1283  1211  1225  1278  1250  1218  1189  1238  1274  1275  1187  1284  1251  1246  1312  1252  1267  
1274  1217  1281  1250  1262  1234  1193  1195  1246  1238  1200  1198  1263  1280  1277  1275  1222  1200  1309  1203  
1197  1229  1253  1278  1223  1275  1249  1259  1244  1304  1282  1279  1204  1271  1158  1291  1241  1308  1227  1350  
1269  1280  1274  1292  1275  1214  1236  1234  1181  1373  1224  1248  1244  1222  1240  1256  1249  1308  1227  1251  
1254  1256  1169  1179  1243  1304  1289  1324  1315  1259  1292  1201  1218  1251  1226  1273  1247  1278  1243  1184  
1271  1237  1183  1266  1205  1246  1233  1237  1259  1200  1251  1212  1212  1255  1205  1280  1198  1271  1260  1225  
1210  1275  1192  1288  1281  1218  1212  1276  1341  1280  1142  1186  1270  1195  1174  1302  1263  1333  1285  1272  
1235  1239  1274  1246  1271  1198  1197  1257  1240  1241  1321  1125  1291  1208  1213  1238  1300  1282  1271  1296  
1234  1275  1238  1218  1280  1260  1217  1250  1182  1286  1310  1218  1250  1283  1242  1225  1248  1188  1309  1238  
1218  1221  1277  1285  1252  1324  1288  1308  1278  1218  1277  1272  1221  1184  1284  1238  1319  1257  1247  1229  
1258  1274  1245  1253  1278  1119  1274  1247  1299  1217  1221  1306  1315  1258  1239  1236  1236  1255  1225  1296  
1209  1173  1254  1218  1244  1302  1244  1276  1271  1237  1224  1241  1251  1287  1174  1279  1277  1211  1257  1240  
1247  1252  1185  1218  1259  1282  1293  1238  1218  1301  1334  1199  1281  1257  1251  1331  1221  1260  1237  1281  
