1.19945
1320  1234  1282  1203  1205  1277  1218  1252  1280  1233  1261  1212  1234  1273  1252  1262  1219  1192  1237  1306  
1224  1317  1289  1237  1277  1262  1208  1254  1250  1274  1238  1276  1272  1219  1247  1220  1273  1256  1233  1314  
1179  1223  1275  1261  1254  1322  1270  1294  1145  1316  1244  1283  1275  1219  1261  1292  1249  1239  1294  1215  
1312  1293  1306  1230  1250  1205  1293  1298  1243  1263  1254  1278  1319  1283  1308  1316  1254  1187  1270  1233  
1265  1330  1293  1200  1305  1181  1261  1282  1278  1258  1211  1324  1250  1194  1249  1297  1211  1199  1207  1229  
1226  1283  1297  1218  1261  1224  1242  1274  1288  1262  1196  1204  1270  1301  1266  1306  1244  1279  1218  1276  
1225  1234  1195  1246  1230  1290  1285  1271  1247  1195  1290  1278  1308  1219  1284  1190  1266  1185  1302  1242  
1224  1187  1199  1263  1251  1270  1196  1265  1263  1212  1314  1221  1241  1269  1199  1237  1284  1231  1224  1257  
1293  1236  1236  1233  1238  1215  1250  1290  1228  1270  1253  1299  1175  1310  1286  1282  1226  1265  1273  1224  
1222  1239  1303  1253  1211  1216  1291  1247  1222  1223  1220  1319  1229  1240  1290  1239  1290  1169  1294  1244  
1197  1246  1214  1299  1214  1226  1206  1244  1201  1237  1206  1251  1237  1245  1318  1301  1266  1212  1226  1221  
1196  1271  1241  1295  1300  1225  1249  1252  1283  1237  1255  1240  1286  1323  1248  1224  1200  1192  1257  1306  
1219  1205  1274  1197  1185  1297  1282  1210  1287  1266  1283  1215  1260  1218  1229  1310  1235  1170  1192  1251  
1239  1236  1245  1251  1264  1237  1263  1291  1198  1245  1255  1219  1303  1237  1275  1151  1250  1237  1161  1237  
1287  1190  1270  1291  1232  1255  1220  1242  1253  1211  1229  1279  1264  1263  1273  1294  1212  1249  1267  1250  
1235  1256  1213  1229  1270  1275  1226  1225  1268  1261  1227  1252  1295  1194  1298  1176  1305  1248  1304  1304  
1212  1246  1265  1225  1263  1230  1255  1220  1251  1204  1227  1235  1274  1186  1250  1292  1240  1285  1257  1229  
1257  1323  1265  1269  1230  1219  1260  1262  1237  1186  1244  1269  1250  1294  1292  1336  1236  1234  1261  1232  
1227  1255  1238  1183  1295  1220  1189  1245  1260  1216  1185  1242  1289  1216  1339  1225  1268  1230  1224  1343  
1294  1234  1288  1208  1290  1283  1316  1198  1249  1338  1229  1254  1205  1219  1249  1303  1211  1254  1326  1307  
