1.20044
1209  1173  1265  1207  1245  1240  1287  1223  1383  1274  1305  1260  1216  1269  1244  1196  1244  1371  1203  1218  
1255  1269  1269  1249  1259  1252  1183  1276  1247  1241  1253  1239  1280  1290  1318  1353  1226  1245  1259  1203  
1306  1248  1288  1312  1252  1269  1191  1231  1251  1255  1247  1237  1251  1280  1190  1213  1291  1244  1223  1258  
1162  1270  1230  1248  1306  1278  1213  1286  1182  1316  1271  1223  1273  1203  1173  1267  1186  1264  1288  1248  
1211  1230  1298  1232  1253  1289  1206  1247  1257  1285  1247  1271  1321  1218  1243  1204  1210  1243  1253  1195  
1312  1283  1258  1258  1200  1215  1210  1266  1249  1212  1170  1308  1252  1330  1230  1227  1202  1291  1277  1331  
1239  1267  1352  1278  1180  1275  1301  1219  1266  1240  1239  1257  1256  1182  1244  1237  1170  1269  1292  1267  
1238  1277  1261  1278  1256  1275  1165  1275  1252  1218  1230  1141  1260  1260  1252  1294  1261  1297  1270  1270  
1208  1254  1222  1210  1243  1243  1229  1243  1256  1213  1253  1251  1271  1277  1218  1253  1257  1162  1237  1258  
1256  1265  1284  1241  1231  1222  1230  1283  1253  1180  1239  1319  1291  1263  1238  1194  1270  1255  1211  1245  
1234  1225  1265  1329  1259  1224  1266  1244  1285  1188  1315  1181  1223  1266  1227  1299  1251  1187  1200  1242  
1220  1258  1274  1265  1244  1256  1206  1234  1217  1284  1281  1218  1304  1248  1212  1271  1310  1207  1239  1270  
1280  1288  1244  1171  1260  1206  1249  1233  1232  1239  1263  1257  1214  1219  1275  1229  1233  1228  1242  1216  
1276  1263  1296  1332  1198  1273  1228  1309  1263  1240  1214  1276  1258  1176  1214  1207  1289  1209  1293  1298  
1196  1230  1269  1288  1231  1226  1297  1214  1274  1228  1301  1219  1255  1292  1235  1254  1209  1288  1271  1288  
1246  1188  1235  1264  1253  1275  1258  1217  1310  1290  1269  1283  1265  1199  1249  1239  1216  1255  1260  1229  
1275  1262  1324  1289  1287  1232  1299  1230  1309  1344  1227  1248  1250  1201  1276  1259  1230  1222  1242  1175  
1226  1211  1240  1224  1261  1249  1285  1316  1256  1263  1303  1254  1217  1190  1292  1230  1241  1289  1323  1344  
1289  1295  1213  1210  1258  1231  1303  1220  1172  1261  1289  1198  1330  1230  1213  1297  1316  1335  1238  1244  
1264  1307  1213  1323  1240  1224  1247  1272  1295  1297  1213  1283  1207  1201  1240  1247  1269  1235  1258  1262  
