1.19904
1240  1219  1296  1283  1232  1313  1283  1244  1237  1249  1242  1245  1226  1285  1254  1263  1278  1274  1287  1174  
1239  1204  1233  1266  1232  1193  1249  1278  1292  1260  1331  1256  1203  1244  1305  1282  1235  1336  1221  1277  
1278  1184  1257  1330  1251  1271  1245  1206  1240  1265  1254  1217  1252  1264  1249  1228  1195  1231  1276  1259  
1171  1271  1239  1266  1260  1252  1272  1180  1282  1197  1261  1273  1292  1179  1253  1256  1255  1270  1233  1196  
1254  1282  1260  1309  1248  1163  1213  1268  1254  1254  1258  1268  1257  1241  1260  1231  1299  1283  1200  1203  
1277  1203  1234  1209  1261  1258  1206  1270  1253  1245  1286  1243  1271  1238  1207  1209  1190  1295  1282  1251  
1232  1253  1333  1299  1189  1213  1192  1197  1274  1275  1254  1220  1246  1246  1222  1230  1233  1202  1332  1261  
1237  1298  1252  1266  1284  1206  1267  1281  1264  1175  1243  1199  1231  1238  1225  1261  1201  1280  1321  1215  
1251  1228  1227  1266  1284  1209  1254  1303  1243  1250  1231  1210  1193  1278  1222  1210  1273  1242  1244  1255  
1191  1243  1239  1265  1266  1191  1285  1312  1216  1229  1272  1251  1207  1249  1309  1196  1194  1276  1293  1259  
1223  1226  1294  1280  1228  1220  1215  1245  1273  1281  1205  1287  1185  1193  1273  1235  1228  1231  1247  1253  
1291  1317  1288  1222  1219  1203  1195  1241  1226  1190  1243  1249  1263  1327  1311  1213  1229  1322  1212  1293  
1192  1302  1325  1309  1269  1216  1310  1239  1317  1260  1237  1241  1272  1189  1183  1237  1281  1254  1245  1246  
1230  1241  1229  1221  1311  1305  1253  1263  1187  1322  1205  1228  1243  1260  1202  1285  1230  1305  1209  1340  
1302  1233  1323  1235  1224  1280  1296  1296  1326  1253  1232  1238  1298  1242  1227  1236  1273  1282  1305  1332  
1248  1181  1200  1231  1216  1258  1225  1189  1200  1261  1316  1256  1208  1211  1270  1217  1236  1219  1142  1284  
1269  1306  1326  1194  1284  1174  1262  1239  1212  1247  1285  1308  1270  1267  1298  1226  1243  1178  1266  1189  
1259  1276  1275  1224  1283  1203  1221  1290  1259  1189  1283  1166  1268  1213  1211  1264  1285  1284  1245  1280  
1263  1299  1218  1245  1304  1240  1260  1287  1227  1222  1291  1250  1266  1246  1267  1271  1250  1275  1287  1233  
1292  1279  1313  1153  1199  1267  1232  1304  1282  1257  1306  1369  1187  1189  1315  1288  1222  1247  1291  1273  
