1.2006
1294  1191  1224  1290  1309  1203  1261  1219  1226  1263  1267  1292  1295  1229  1217  1293  1276  1208  1251  1285  
1286  1272  1245  1254  1312  1282  1221  1217  1332  1290  1244  1269  1235  1301  1216  1254  1219  1231  1237  1258  
1281  1210  1369  1269  1293  1271  1308  1281  1266  1272  1299  1232  1284  1276  1221  1294  1205  1264  1234  1321  
1290  1183  1264  1266  1211  1329  1261  1248  1321  1286  1286  1172  1253  1246  1294  1279  1287  1237  1274  1289  
1220  1262  1309  1278  1292  1221  1248  1221  1270  1212  1232  1188  1347  1273  1292  1210  1271  1225  1192  1234  
1179  1247  1206  1189  1235  1248  1238  1154  1254  1326  1294  1310  1260  1285  1267  1249  1234  1200  1248  1235  
1187  1239  1255  1240  1300  1299  1154  1213  1308  1307  1300  1243  1231  1208  1326  1275  1297  1294  1318  1269  
1293  1235  1246  1251  1249  1208  1322  1266  1215  1257  1295  1308  1258  1263  1242  1278  1305  1319  1188  1303  
1219  1210  1179  1216  1175  1209  1262  1265  1215  1152  1320  1222  1210  1231  1202  1233  1221  1277  1214  1290  
1182  1336  1220  1304  1168  1270  1222  1277  1241  1260  1198  1278  1249  1211  1245  1237  1264  1225  1262  1222  
1227  1213  1303  1256  1269  1210  1226  1243  1197  1184  1230  1224  1298  1273  1291  1220  1218  1251  1175  1261  
1173  1273  1183  1302  1261  1245  1312  1302  1180  1262  1301  1305  1282  1173  1222  1219  1227  1253  1191  1186  
1283  1203  1240  1220  1232  1223  1248  1303  1265  1310  1156  1195  1242  1279  1194  1191  1287  1228  1240  1307  
1227  1276  1252  1279  1255  1252  1242  1182  1275  1179  1214  1181  1287  1222  1226  1216  1251  1253  1215  1236  
1240  1244  1229  1259  1278  1256  1201  1154  1270  1150  1326  1242  1291  1257  1227  1219  1282  1273  1314  1237  
1260  1291  1256  1258  1270  1219  1249  1242  1171  1263  1272  1197  1244  1238  1243  1236  1190  1229  1216  1308  
1180  1262  1218  1209  1216  1305  1249  1341  1321  1211  1216  1313  1250  1237  1353  1240  1257  1320  1286  1187  
1252  1292  1232  1231  1257  1248  1228  1174  1252  1269  1318  1278  1241  1230  1200  1244  1292  1289  1247  1276  
1263  1203  1259  1252  1243  1273  1154  1203  1233  1213  1231  1219  1271  1248  1269  1241  1335  1245  1201  1216  
1278  1238  1268  1230  1182  1299  1297  1273  1310  1317  1292  1266  1238  1301  1257  1290  1288  1190  1371  1352  
