1.1984
1328  1228  1276  1297  1189  1218  1226  1278  1283  1279  1237  1185  1268  1229  1243  1224  1291  1186  1308  1216  
1302  1260  1205  1222  1311  1219  1239  1216  1224  1272  1213  1290  1292  1204  1227  1265  1256  1229  1277  1252  
1190  1300  1219  1223  1286  1207  1316  1205  1201  1308  1205  1323  1260  1300  1269  1214  1314  1291  1262  1337  
1205  1268  1283  1278  1184  1218  1196  1279  1279  1290  1179  1184  1242  1315  1263  1245  1279  1276  1174  1309  
1198  1245  1244  1162  1175  1278  1208  1222  1229  1192  1217  1181  1239  1322  1209  1239  1243  1191  1240  1202  
1280  1218  1259  1254  1256  1247  1208  1272  1263  1241  1224  1259  1149  1219  1236  1291  1246  1225  1270  1218  
1270  1216  1207  1240  1237  1244  1237  1257  1250  1164  1301  1328  1191  1297  1251  1287  1260  1208  1314  1228  
1238  1241  1232  1228  1234  1259  1312  1227  1254  1266  1242  1339  1241  1191  1322  1265  1284  1208  1223  1278  
1196  1262  1201  1307  1238  1239  1213  1214  1210  1276  1223  1176  1288  1300  1195  1238  1299  1252  1238  1218  
1163  1263  1181  1211  1200  1183  1259  1294  1271  1262  1293  1233  1296  1212  1235  1248  1200  1230  1272  1218  
1188  1264  1224  1279  1184  1283  1213  1237  1242  1280  1244  1261  1270  1247  1251  1230  1239  1187  1296  1268  
1217  1293  1263  1287  1237  1304  1332  1207  1229  1258  1255  1286  1200  1223  1195  1259  1276  1333  1329  1235  
1315  1265  1230  1204  1218  1264  1228  1250  1239  1245  1215  1297  1188  1259  1291  1194  1188  1207  1264  1193  
1253  1244  1231  1247  1279  1255  1225  1288  1200  1288  1318  1237  1207  1298  1210  1208  1270  1188  1279  1170  
1253  1290  1298  1222  1287  1282  1195  1302  1233  1217  1314  1309  1217  1238  1227  1221  1224  1266  1260  1282  
1307  1225  1278  1240  1220  1253  1275  1230  1255  1249  1253  1199  1205  1304  1275  1193  1265  1261  1204  1314  
1214  1216  1200  1170  1249  1239  1264  1251  1250  1245  1260  1247  1234  1326  1189  1285  1226  1315  1223  1249  
1228  1256  1259  1217  1251  1267  1213  1277  1253  1247  1208  1234  1225  1287  1285  1262  1252  1274  1215  1270  
1260  1329  1222  1262  1245  1249  1294  1216  1247  1253  1294  1182  1270  1326  1214  1233  1249  1271  1212  1255  
1294  1304  1227  1215  1288  1245  1224  1210  1183  1323  1277  1279  1254  1247  1192  1262  1228  1200  1259  1269  
