1.19883
1346  1178  1312  1202  1189  1187  1263  1263  1265  1290  1208  1217  1305  1239  1275  1273  1287  1239  1264  1289  
1264  1245  1218  1284  1205  1217  1205  1301  1233  1312  1253  1205  1221  1295  1237  1273  1216  1239  1229  1208  
1322  1241  1306  1282  1211  1192  1268  1290  1241  1285  1204  1258  1183  1266  1286  1236  1195  1301  1252  1297  
1193  1327  1179  1237  1311  1235  1250  1260  1196  1240  1290  1233  1273  1289  1205  1238  1209  1247  1286  1241  
1220  1269  1213  1258  1267  1296  1304  1270  1230  1258  1254  1226  1228  1178  1230  1191  1322  1263  1207  1309  
1222  1253  1267  1218  1225  1293  1261  1298  1273  1265  1280  1317  1272  1285  1291  1268  1261  1258  1271  1153  
1265  1244  1278  1156  1262  1213  1229  1271  1274  1234  1205  1197  1241  1213  1265  1225  1288  1254  1282  1289  
1223  1287  1260  1243  1202  1257  1221  1237  1225  1223  1260  1184  1268  1255  1281  1226  1247  1276  1259  1183  
1234  1216  1332  1270  1239  1303  1140  1225  1253  1212  1251  1263  1259  1196  1245  1270  1299  1292  1216  1234  
1178  1232  1231  1256  1212  1284  1195  1307  1275  1245  1222  1347  1270  1252  1219  1285  1257  1205  1253  1216  
1298  1172  1240  1201  1251  1319  1267  1230  1179  1253  1212  1317  1301  1205  1244  1258  1263  1308  1221  1301  
1191  1249  1187  1172  1303  1194  1294  1222  1238  1225  1236  1279  1222  1284  1240  1245  1214  1208  1278  1268  
1233  1297  1184  1204  1290  1269  1197  1302  1244  1279  1185  1248  1242  1265  1269  1324  1260  1314  1219  1308  
1196  1235  1261  1219  1299  1255  1240  1241  1285  1257  1238  1274  1320  1259  1312  1289  1208  1263  1278  1248  
1162  1230  1221  1312  1307  1244  1251  1198  1156  1260  1296  1251  1221  1244  1252  1252  1175  1161  1205  1216  
1248  1259  1258  1290  1263  1223  1239  1224  1273  1229  1260  1219  1183  1275  1264  1273  1280  1191  1288  1313  
1220  1245  1289  1285  1193  1315  1301  1210  1267  1250  1244  1168  1234  1255  1225  1258  1207  1151  1311  1240  
1234  1256  1278  1187  1234  1246  1283  1253  1286  1194  1283  1275  1290  1246  1231  1299  1268  1172  1230  1304  
1201  1242  1311  1223  1265  1273  1242  1246  1239  1245  1283  1250  1211  1210  1200  1172  1204  1298  1304  1222  
1235  1235  1227  1271  1259  1250  1242  1255  1223  1237  1256  1230  1275  1260  1288  1236  1292  1269  1302  1262  
