1.19704
1222  1223  1283  1212  1250  1274  1246  1237  1156  1241  1232  1304  1321  1289  1289  1216  1267  1205  1328  1270  
1198  1156  1206  1273  1266  1227  1293  1207  1267  1220  1181  1241  1154  1263  1235  1239  1232  1258  1226  1245  
1290  1290  1294  1296  1278  1230  1213  1254  1204  1267  1201  1254  1231  1226  1295  1271  1273  1269  1215  1267  
1255  1264  1252  1308  1171  1182  1227  1265  1307  1270  1210  1213  1313  1261  1318  1216  1289  1247  1354  1264  
1249  1269  1280  1206  1215  1295  1213  1260  1240  1262  1330  1174  1287  1243  1296  1231  1216  1274  1244  1199  
1253  1240  1238  1282  1277  1259  1232  1221  1276  1286  1261  1249  1274  1270  1291  1253  1289  1231  1246  1335  
1200  1253  1253  1356  1301  1306  1254  1231  1265  1256  1267  1268  1257  1278  1263  1259  1231  1310  1219  1277  
1273  1222  1291  1186  1230  1281  1270  1240  1201  1227  1371  1184  1206  1218  1308  1186  1287  1286  1225  1253  
1185  1309  1223  1287  1262  1204  1245  1244  1258  1261  1301  1216  1249  1237  1242  1231  1286  1269  1278  1210  
1232  1285  1245  1282  1242  1310  1217  1176  1205  1243  1258  1241  1176  1220  1257  1247  1233  1221  1169  1184  
1220  1303  1285  1256  1300  1283  1350  1250  1243  1230  1235  1222  1261  1233  1288  1221  1155  1305  1230  1287  
1282  1293  1233  1230  1195  1234  1264  1224  1235  1256  1257  1159  1252  1293  1297  1180  1299  1289  1229  1254  
1231  1259  1217  1230  1216  1165  1214  1187  1205  1328  1277  1239  1307  1271  1187  1240  1161  1202  1230  1207  
1251  1252  1259  1237  1262  1265  1286  1196  1232  1207  1277  1262  1268  1208  1218  1210  1253  1272  1204  1305  
1207  1263  1238  1186  1219  1167  1176  1223  1254  1303  1278  1170  1160  1283  1198  1212  1263  1311  1210  1214  
1265  1232  1205  1256  1258  1243  1293  1270  1215  1251  1236  1223  1256  1275  1228  1298  1156  1297  1261  1191  
1224  1258  1254  1242  1210  1278  1309  1305  1259  1196  1295  1231  1259  1237  1233  1200  1255  1254  1214  1207  
1260  1224  1239  1284  1208  1221  1258  1251  1212  1237  1206  1237  1256  1230  1186  1181  1322  1214  1310  1298  
1277  1219  1269  1248  1244  1294  1210  1208  1329  1285  1241  1230  1194  1254  1248  1255  1210  1281  1262  1200  
1242  1273  1268  1261  1303  1275  1181  1247  1257  1260  1223  1317  1310  1263  1324  1203  1232  1255  1289  1243  
