1.2014
1212  1253  1202  1236  1278  1265  1268  1275  1209  1250  1269  1217  1265  1274  1256  1178  1298  1219  1240  1223  
1226  1270  1320  1284  1251  1292  1234  1211  1256  1259  1293  1323  1247  1189  1198  1226  1215  1229  1222  1259  
1222  1249  1186  1263  1276  1226  1225  1220  1248  1266  1283  1229  1265  1274  1303  1253  1246  1261  1333  1201  
1227  1239  1153  1246  1316  1237  1314  1305  1308  1229  1336  1297  1276  1195  1205  1352  1261  1158  1292  1201  
1225  1225  1292  1251  1245  1251  1291  1319  1221  1275  1237  1221  1198  1231  1252  1216  1212  1234  1230  1294  
1234  1208  1302  1290  1278  1220  1225  1262  1261  1239  1337  1258  1267  1248  1309  1332  1245  1283  1259  1236  
1284  1229  1285  1272  1262  1257  1276  1205  1298  1211  1248  1212  1210  1228  1263  1279  1240  1196  1248  1214  
1307  1281  1283  1306  1264  1252  1179  1217  1274  1268  1213  1284  1294  1253  1266  1237  1149  1256  1248  1310  
1268  1242  1255  1261  1245  1232  1261  1209  1273  1192  1220  1319  1263  1200  1311  1190  1233  1260  1210  1199  
1298  1245  1242  1271  1253  1180  1256  1304  1273  1219  1203  1185  1288  1204  1245  1306  1203  1288  1283  1252  
1227  1265  1210  1232  1271  1182  1253  1216  1255  1217  1261  1304  1260  1355  1213  1233  1200  1288  1303  1267  
1228  1182  1298  1276  1287  1353  1263  1249  1248  1299  1253  1307  1166  1250  1220  1219  1269  1256  1223  1152  
1246  1198  1276  1213  1255  1275  1252  1226  1241  1335  1306  1274  1170  1297  1248  1250  1164  1242  1215  1301  
1304  1236  1236  1278  1215  1224  1239  1288  1260  1232  1345  1269  1245  1227  1198  1254  1230  1299  1181  1259  
1237  1307  1164  1288  1256  1300  1196  1256  1190  1232  1259  1225  1211  1258  1259  1339  1263  1272  1279  1310  
1195  1288  1275  1289  1267  1221  1296  1266  1261  1271  1281  1274  1215  1206  1313  1265  1233  1244  1293  1225  
1198  1247  1198  1216  1260  1281  1282  1216  1208  1197  1313  1254  1217  1302  1298  1264  1257  1222  1220  1258  
1238  1268  1229  1289  1207  1414  1275  1256  1247  1265  1226  1260  1299  1294  1255  1267  1250  1271  1314  1272  
1245  1258  1260  1255  1314  1246  1203  1223  1301  1248  1266  1315  1269  1278  1285  1266  1249  1194  1204  1228  
1229  1286  1257  1253  1276  1269  1227  1176  1246  1275  1233  1208  1318  1296  1188  1234  1325  1290  1265  1178  
