1.19717
1200  1263  1226  1264  1213  1233  1279  1230  1173  1277  1246  1240  1322  1213  1239  1259  1355  1270  1209  1276  
1272  1255  1237  1311  1257  1291  1230  1204  1238  1229  1246  1292  1239  1270  1200  1278  1255  1271  1236  1205  
1251  1243  1283  1207  1305  1289  1289  1207  1227  1231  1296  1252  1206  1280  1280  1281  1244  1275  1312  1251  
1239  1235  1283  1224  1260  1230  1296  1257  1222  1254  1276  1261  1188  1169  1233  1260  1248  1271  1216  1202  
1244  1221  1292  1146  1252  1300  1180  1244  1214  1255  1214  1328  1222  1171  1320  1289  1303  1269  1312  1246  
1309  1232  1236  1293  1290  1281  1217  1202  1286  1337  1250  1233  1259  1242  1222  1230  1290  1248  1264  1236  
1221  1276  1178  1241  1233  1263  1239  1150  1214  1223  1200  1275  1238  1262  1233  1202  1228  1242  1269  1282  
1229  1244  1247  1185  1259  1267  1189  1152  1300  1321  1258  1323  1281  1275  1181  1263  1281  1254  1186  1165  
1185  1279  1276  1277  1298  1265  1368  1203  1162  1230  1231  1278  1266  1186  1215  1237  1206  1258  1202  1329  
1235  1219  1241  1299  1232  1206  1235  1263  1227  1269  1200  1270  1184  1241  1241  1254  1248  1264  1349  1211  
1250  1286  1257  1263  1242  1246  1230  1250  1332  1233  1300  1242  1222  1284  1202  1187  1256  1254  1307  1273  
1315  1247  1245  1315  1293  1294  1280  1306  1214  1251  1246  1283  1195  1182  1224  1198  1304  1251  1194  1217  
1243  1340  1213  1236  1284  1186  1207  1260  1239  1257  1244  1209  1235  1207  1233  1263  1222  1264  1326  1251  
1285  1252  1282  1167  1219  1213  1212  1301  1234  1218  1165  1224  1274  1245  1276  1271  1241  1252  1257  1222  
1170  1247  1265  1228  1278  1210  1245  1223  1222  1234  1230  1283  1269  1240  1131  1187  1241  1254  1216  1304  
1281  1268  1246  1254  1308  1232  1261  1229  1276  1169  1256  1244  1183  1222  1296  1237  1192  1231  1242  1293  
1256  1252  1289  1317  1184  1250  1192  1247  1247  1250  1247  1252  1256  1229  1257  1201  1182  1196  1210  1293  
1283  1252  1206  1297  1211  1208  1337  1245  1247  1202  1291  1216  1202  1248  1214  1205  1224  1286  1239  1224  
1268  1196  1291  1162  1235  1290  1292  1225  1206  1209  1258  1296  1325  1242  1325  1172  1226  1225  1244  1175  
1282  1291  1213  1269  1329  1280  1314  1204  1270  1215  1248  1275  1292  1339  1229  1289  1210  1249  1232  1212  
