1.19969
1277  1241  1292  1221  1199  1244  1168  1269  1221  1170  1214  1242  1223  1251  1178  1230  1252  1252  1263  1213  
1274  1320  1171  1284  1252  1313  1200  1283  1263  1262  1297  1191  1214  1169  1259  1269  1244  1238  1209  1272  
1248  1253  1272  1199  1239  1252  1284  1230  1268  1341  1184  1222  1272  1303  1278  1224  1217  1250  1336  1244  
1267  1331  1315  1258  1297  1307  1164  1242  1263  1293  1307  1240  1263  1218  1219  1193  1224  1232  1266  1266  
1274  1228  1294  1246  1307  1280  1266  1240  1261  1234  1191  1289  1261  1275  1198  1232  1300  1291  1253  1174  
1256  1277  1210  1254  1282  1252  1216  1307  1217  1215  1289  1221  1276  1318  1280  1194  1253  1310  1305  1241  
1225  1245  1203  1123  1234  1236  1233  1218  1264  1306  1261  1201  1214  1211  1164  1216  1316  1194  1243  1229  
1238  1251  1228  1274  1326  1248  1280  1205  1222  1336  1241  1271  1238  1246  1297  1238  1197  1275  1306  1199  
1243  1262  1219  1268  1207  1232  1181  1203  1292  1273  1197  1259  1269  1284  1261  1242  1240  1169  1184  1254  
1250  1224  1310  1277  1247  1207  1211  1246  1303  1301  1221  1252  1236  1298  1222  1268  1201  1269  1271  1276  
1204  1289  1250  1319  1216  1280  1303  1265  1201  1308  1247  1269  1349  1242  1290  1338  1226  1262  1259  1205  
1264  1284  1241  1195  1209  1293  1243  1292  1269  1270  1284  1244  1236  1266  1319  1211  1335  1315  1248  1234  
1221  1289  1284  1249  1258  1256  1256  1290  1217  1261  1199  1203  1261  1250  1251  1216  1221  1222  1310  1243  
1257  1241  1291  1179  1242  1224  1241  1285  1237  1262  1205  1213  1254  1280  1267  1194  1288  1247  1240  1253  
1225  1290  1253  1232  1241  1209  1287  1203  1179  1321  1302  1185  1254  1244  1236  1251  1194  1286  1210  1307  
1276  1292  1276  1322  1286  1242  1206  1340  1222  1252  1193  1232  1290  1203  1198  1325  1251  1286  1267  1289  
1195  1221  1272  1285  1220  1253  1266  1239  1246  1292  1214  1206  1253  1226  1248  1206  1351  1195  1253  1288  
1208  1212  1209  1231  1143  1285  1272  1280  1224  1328  1274  1296  1238  1207  1256  1251  1262  1200  1216  1299  
1252  1263  1296  1265  1302  1226  1228  1292  1212  1181  1317  1186  1254  1250  1245  1323  1300  1216  1281  1242  
1271  1233  1284  1235  1259  1235  1266  1286  1318  1227  1251  1231  1274  1304  1210  1277  1192  1337  1262  1244  
