1.19807
1199  1213  1306  1275  1211  1221  1258  1261  1258  1224  1229  1248  1273  1292  1286  1233  1321  1204  1258  1169  
1300  1259  1226  1245  1246  1257  1267  1250  1230  1225  1248  1292  1210  1183  1233  1214  1236  1282  1298  1317  
1204  1302  1269  1202  1166  1292  1278  1201  1238  1187  1257  1331  1287  1217  1304  1224  1221  1232  1193  1247  
1327  1273  1233  1273  1246  1312  1298  1225  1415  1235  1295  1244  1187  1226  1308  1261  1222  1218  1308  1275  
1244  1356  1233  1239  1283  1248  1225  1224  1222  1240  1347  1228  1214  1228  1253  1277  1279  1221  1222  1324  
1252  1271  1191  1274  1247  1258  1209  1203  1267  1230  1263  1236  1268  1235  1275  1187  1272  1175  1308  1231  
1306  1253  1232  1259  1204  1287  1263  1296  1305  1202  1195  1281  1226  1206  1262  1280  1259  1277  1252  1287  
1296  1261  1251  1222  1229  1276  1269  1274  1228  1218  1262  1224  1218  1241  1248  1275  1250  1297  1208  1237  
1236  1235  1189  1246  1331  1212  1256  1209  1221  1239  1278  1248  1212  1294  1224  1244  1221  1258  1265  1174  
1264  1195  1266  1242  1169  1242  1211  1229  1197  1270  1297  1198  1269  1255  1219  1240  1252  1263  1299  1191  
1286  1230  1229  1251  1246  1202  1261  1336  1182  1236  1227  1313  1276  1192  1237  1280  1225  1226  1248  1225  
1251  1209  1251  1293  1329  1274  1262  1237  1216  1205  1207  1221  1246  1219  1267  1244  1291  1227  1307  1285  
1198  1252  1212  1313  1223  1219  1269  1374  1244  1286  1223  1255  1200  1239  1250  1312  1237  1289  1296  1239  
1278  1256  1180  1235  1279  1199  1241  1302  1272  1233  1248  1276  1225  1309  1287  1178  1317  1302  1234  1241  
1259  1261  1200  1207  1225  1239  1221  1227  1218  1261  1342  1222  1313  1211  1249  1215  1325  1239  1215  1274  
1193  1268  1228  1278  1327  1266  1237  1206  1199  1180  1291  1191  1268  1184  1212  1248  1284  1181  1265  1242  
1367  1254  1276  1195  1307  1233  1226  1304  1288  1206  1299  1230  1261  1261  1177  1252  1244  1267  1226  1228  
1318  1277  1230  1229  1273  1273  1273  1254  1176  1236  1266  1251  1243  1274  1191  1213  1216  1236  1264  1303  
1257  1259  1196  1243  1213  1254  1214  1214  1265  1244  1264  1309  1222  1239  1218  1263  1255  1230  1304  1233  
1227  1291  1205  1279  1222  1261  1293  1182  1252  1285  1269  1202  1244  1250  1220  1250  1323  1264  1226  1245  
