1.19897
1278  1260  1277  1248  1321  1266  1290  1264  1370  1271  1303  1267  1279  1240  1230  1213  1222  1282  1215  1277  
1283  1304  1255  1369  1177  1287  1230  1197  1198  1274  1192  1211  1226  1230  1236  1269  1308  1234  1267  1249  
1284  1288  1252  1264  1279  1300  1203  1231  1169  1247  1254  1274  1239  1304  1230  1319  1224  1319  1278  1298  
1198  1239  1261  1174  1274  1254  1292  1271  1196  1193  1279  1283  1221  1267  1278  1229  1275  1263  1221  1278  
1242  1252  1267  1232  1269  1215  1270  1271  1243  1232  1240  1310  1286  1216  1202  1247  1294  1211  1201  1228  
1255  1222  1288  1369  1315  1275  1231  1255  1249  1298  1273  1275  1245  1189  1326  1270  1269  1162  1285  1263  
1189  1246  1257  1272  1230  1270  1258  1254  1234  1310  1241  1272  1215  1241  1275  1272  1180  1205  1238  1218  
1310  1246  1246  1241  1213  1198  1280  1217  1261  1220  1257  1219  1223  1259  1193  1258  1235  1229  1286  1239  
1262  1201  1259  1266  1269  1267  1251  1223  1150  1206  1287  1238  1270  1226  1228  1255  1197  1296  1188  1248  
1285  1253  1303  1259  1196  1273  1271  1254  1213  1276  1215  1313  1215  1269  1208  1232  1256  1271  1264  1236  
1208  1210  1252  1258  1213  1281  1289  1251  1198  1309  1254  1256  1274  1250  1266  1176  1212  1169  1195  1183  
1210  1164  1222  1248  1292  1288  1253  1294  1256  1214  1372  1211  1300  1245  1244  1244  1208  1264  1276  1247  
1231  1233  1297  1301  1274  1203  1276  1162  1263  1249  1227  1176  1215  1268  1261  1249  1352  1263  1232  1240  
1187  1254  1319  1248  1215  1253  1276  1230  1246  1268  1210  1201  1223  1260  1314  1302  1197  1283  1218  1217  
1326  1294  1312  1228  1165  1224  1238  1205  1255  1212  1283  1194  1174  1272  1295  1281  1211  1280  1220  1261  
1260  1279  1204  1209  1251  1191  1269  1180  1200  1240  1234  1290  1214  1234  1209  1261  1312  1269  1279  1265  
1232  1241  1313  1195  1248  1276  1260  1289  1235  1360  1300  1275  1241  1194  1302  1224  1286  1291  1243  1237  
1246  1307  1249  1246  1335  1281  1305  1178  1306  1273  1204  1229  1264  1236  1252  1206  1257  1267  1190  1243  
1204  1289  1298  1264  1287  1228  1162  1187  1239  1295  1260  1285  1291  1229  1195  1293  1256  1273  1180  1282  
1240  1217  1234  1307  1270  1250  1317  1229  1274  1308  1194  1200  1234  1166  1220  1298  1235  1241  1210  1270  
