1.19941
1288  1264  1233  1298  1260  1226  1279  1250  1248  1228  1252  1207  1250  1296  1231  1244  1240  1230  1251  1224  
1303  1322  1281  1285  1281  1293  1253  1278  1255  1290  1197  1294  1249  1191  1214  1264  1220  1224  1240  1349  
1215  1290  1207  1202  1296  1214  1284  1295  1260  1202  1245  1296  1235  1321  1209  1298  1197  1272  1308  1208  
1269  1262  1240  1312  1292  1282  1247  1239  1251  1243  1164  1275  1213  1176  1264  1227  1261  1216  1193  1239  
1226  1215  1266  1341  1188  1250  1263  1237  1256  1273  1206  1162  1267  1320  1257  1310  1197  1181  1246  1226  
1227  1257  1166  1240  1209  1260  1236  1202  1261  1250  1269  1285  1268  1202  1329  1242  1218  1308  1217  1232  
1239  1259  1283  1316  1256  1250  1263  1253  1227  1262  1245  1255  1272  1256  1221  1196  1230  1272  1275  1252  
1237  1300  1304  1258  1156  1312  1214  1272  1327  1241  1184  1229  1220  1252  1204  1268  1181  1154  1250  1263  
1231  1138  1274  1277  1278  1278  1254  1288  1221  1210  1261  1267  1303  1191  1280  1253  1194  1264  1300  1248  
1227  1318  1229  1241  1267  1229  1251  1275  1234  1284  1218  1288  1279  1272  1247  1268  1300  1200  1229  1224  
1200  1319  1154  1240  1213  1216  1302  1174  1279  1220  1284  1301  1218  1186  1260  1290  1239  1248  1207  1254  
1262  1254  1246  1235  1215  1254  1347  1210  1255  1326  1197  1252  1240  1252  1225  1239  1220  1200  1261  1190  
1278  1247  1243  1239  1217  1263  1248  1280  1193  1326  1277  1225  1313  1225  1371  1283  1206  1263  1254  1285  
1310  1237  1328  1341  1255  1245  1230  1238  1225  1279  1213  1234  1241  1338  1198  1231  1275  1283  1197  1307  
1252  1243  1209  1239  1194  1278  1287  1276  1204  1183  1205  1324  1220  1298  1246  1223  1274  1212  1237  1297  
1304  1345  1263  1249  1261  1280  1173  1263  1174  1236  1256  1210  1256  1266  1221  1259  1241  1277  1195  1241  
1252  1287  1217  1234  1190  1212  1212  1258  1240  1245  1231  1212  1233  1267  1261  1290  1283  1284  1221  1313  
1209  1268  1241  1209  1237  1215  1281  1245  1257  1280  1273  1266  1291  1228  1218  1271  1259  1224  1224  1196  
1268  1212  1265  1280  1270  1197  1256  1272  1196  1269  1215  1271  1255  1250  1246  1290  1243  1293  1283  1203  
1241  1228  1270  1159  1293  1247  1219  1202  1264  1223  1259  1277  1250  1220  1249  1280  1260  1229  1201  1214  
