1.19976
1268  1310  1240  1245  1258  1276  1223  1249  1235  1264  1231  1239  1219  1242  1198  1236  1265  1212  1198  1272  
1210  1313  1238  1288  1220  1233  1287  1279  1258  1202  1267  1246  1201  1310  1351  1194  1194  1236  1265  1287  
1202  1251  1210  1203  1267  1265  1302  1326  1184  1303  1267  1249  1156  1296  1256  1286  1256  1262  1239  1283  
1278  1250  1254  1336  1250  1299  1284  1233  1265  1263  1274  1278  1248  1319  1248  1290  1294  1269  1251  1296  
1296  1213  1230  1314  1264  1259  1311  1235  1230  1237  1152  1274  1255  1252  1221  1189  1226  1205  1243  1181  
1325  1283  1243  1267  1299  1214  1251  1294  1275  1247  1243  1188  1344  1227  1282  1221  1243  1268  1338  1216  
1260  1179  1293  1245  1226  1313  1232  1248  1256  1217  1263  1216  1217  1257  1238  1245  1318  1210  1258  1260  
1300  1316  1202  1266  1289  1260  1320  1233  1300  1252  1230  1269  1141  1239  1283  1235  1198  1169  1269  1222  
1252  1181  1188  1293  1282  1333  1310  1244  1291  1244  1281  1181  1233  1239  1236  1265  1208  1294  1245  1268  
1235  1243  1285  1290  1184  1196  1231  1240  1241  1233  1364  1251  1239  1221  1228  1267  1248  1219  1249  1274  
1302  1194  1304  1236  1236  1192  1337  1224  1260  1208  1203  1261  1251  1215  1121  1266  1299  1262  1191  1299  
1295  1205  1240  1246  1314  1344  1210  1205  1280  1336  1222  1191  1279  1201  1267  1312  1207  1305  1276  1285  
1263  1233  1279  1177  1196  1156  1251  1203  1289  1211  1221  1210  1243  1288  1220  1173  1229  1197  1176  1232  
1264  1247  1245  1249  1213  1231  1247  1246  1248  1283  1236  1301  1273  1266  1241  1235  1182  1341  1271  1291  
1240  1231  1197  1247  1228  1192  1249  1202  1194  1261  1250  1243  1256  1272  1214  1353  1210  1209  1267  1255  
1286  1252  1249  1325  1265  1284  1155  1239  1195  1169  1296  1252  1238  1303  1256  1228  1283  1256  1210  1232  
1220  1265  1240  1195  1275  1233  1231  1308  1226  1241  1199  1282  1236  1282  1211  1217  1317  1219  1237  1236  
1203  1387  1265  1271  1202  1263  1226  1228  1312  1154  1274  1152  1296  1301  1265  1231  1264  1219  1261  1324  
1244  1246  1256  1226  1269  1285  1316  1259  1274  1273  1278  1157  1221  1304  1255  1287  1252  1239  1194  1226  
1240  1263  1315  1250  1236  1286  1240  1294  1267  1179  1291  1284  1263  1172  1230  1168  1247  1204  1254  1147  
