1.19707
1273  1282  1227  1239  1276  1214  1211  1211  1273  1220  1233  1180  1217  1324  1259  1268  1243  1224  1204  1218  
1215  1197  1206  1245  1135  1206  1269  1247  1256  1300  1262  1222  1271  1238  1200  1348  1217  1216  1227  1302  
1223  1283  1225  1222  1324  1274  1238  1244  1242  1246  1246  1261  1304  1257  1272  1196  1207  1217  1250  1294  
1264  1217  1217  1213  1232  1271  1260  1213  1220  1223  1255  1244  1324  1244  1208  1211  1255  1262  1259  1253  
1224  1223  1239  1234  1298  1220  1304  1200  1268  1217  1216  1180  1214  1302  1329  1233  1208  1237  1226  1349  
1271  1220  1196  1290  1199  1281  1186  1181  1250  1228  1253  1219  1235  1287  1302  1164  1254  1218  1268  1198  
1186  1216  1196  1236  1192  1276  1202  1302  1325  1196  1242  1289  1277  1238  1296  1313  1268  1240  1226  1184  
1304  1172  1191  1261  1237  1209  1274  1226  1240  1209  1277  1284  1304  1265  1217  1326  1199  1162  1254  1264  
1262  1256  1210  1201  1151  1251  1211  1227  1263  1246  1271  1282  1283  1246  1239  1257  1213  1298  1205  1286  
1299  1256  1277  1221  1182  1325  1210  1228  1214  1238  1268  1233  1298  1230  1251  1261  1246  1234  1255  1217  
1282  1325  1231  1300  1171  1309  1250  1301  1298  1286  1182  1229  1255  1234  1275  1244  1247  1280  1278  1307  
1238  1208  1262  1295  1287  1290  1214  1240  1287  1322  1277  1243  1246  1244  1227  1307  1274  1229  1221  1239  
1272  1198  1316  1245  1273  1202  1314  1220  1264  1219  1205  1249  1216  1248  1300  1211  1284  1184  1185  1263  
1261  1299  1223  1205  1278  1277  1190  1260  1219  1229  1233  1212  1242  1178  1189  1190  1196  1237  1276  1285  
1260  1248  1241  1243  1294  1223  1160  1296  1264  1272  1291  1240  1228  1271  1258  1211  1280  1202  1240  1187  
1276  1250  1280  1217  1248  1210  1299  1207  1303  1206  1193  1243  1277  1152  1288  1279  1270  1252  1264  1316  
1261  1233  1179  1198  1244  1218  1321  1256  1225  1204  1236  1246  1216  1248  1298  1213  1324  1183  1272  1271  
1248  1193  1255  1230  1300  1267  1249  1309  1217  1295  1243  1229  1261  1311  1310  1207  1255  1305  1206  1262  
1304  1278  1241  1213  1255  1272  1311  1195  1300  1241  1216  1262  1260  1294  1300  1280  1341  1240  1234  1270  
1255  1286  1219  1257  1241  1249  1183  1287  1266  1224  1289  1341  1264  1235  1243  1164  1243  1233  1285  1278  
