1.19925
1231  1303  1286  1249  1293  1305  1259  1204  1260  1240  1265  1224  1270  1230  1280  1270  1301  1211  1223  1322  
1214  1216  1235  1211  1258  1239  1251  1306  1249  1257  1229  1199  1305  1296  1201  1231  1236  1207  1208  1269  
1183  1212  1224  1226  1248  1243  1284  1299  1296  1211  1213  1238  1225  1259  1325  1243  1291  1252  1296  1258  
1259  1321  1284  1281  1311  1319  1223  1268  1332  1200  1248  1268  1220  1262  1213  1197  1207  1252  1232  1243  
1234  1200  1277  1236  1208  1180  1218  1173  1257  1199  1232  1201  1342  1191  1260  1251  1237  1230  1217  1271  
1238  1244  1271  1289  1228  1265  1214  1349  1262  1255  1242  1225  1282  1248  1280  1257  1220  1268  1342  1266  
1235  1249  1218  1265  1235  1313  1259  1216  1222  1273  1246  1219  1285  1267  1180  1238  1231  1320  1300  1233  
1258  1248  1306  1264  1249  1226  1204  1228  1248  1199  1259  1317  1253  1212  1247  1241  1258  1267  1350  1235  
1230  1246  1216  1250  1172  1299  1230  1243  1246  1264  1270  1233  1246  1178  1148  1222  1304  1238  1232  1257  
1294  1181  1231  1254  1239  1297  1256  1247  1277  1244  1237  1296  1264  1276  1183  1215  1288  1294  1228  1287  
1190  1288  1235  1230  1148  1230  1259  1268  1241  1237  1215  1191  1295  1183  1241  1222  1285  1301  1262  1257  
1215  1234  1241  1177  1260  1205  1185  1269  1199  1234  1230  1306  1285  1166  1222  1260  1231  1232  1290  1246  
1215  1201  1207  1165  1251  1230  1157  1330  1309  1271  1239  1223  1230  1278  1309  1269  1294  1307  1229  1287  
1270  1167  1195  1300  1211  1273  1236  1329  1249  1258  1207  1228  1299  1266  1298  1337  1282  1205  1255  1256  
1223  1230  1329  1292  1320  1292  1272  1248  1204  1205  1299  1249  1296  1260  1218  1285  1202  1156  1212  1250  
1254  1290  1227  1322  1274  1251  1282  1150  1220  1255  1268  1237  1288  1252  1301  1252  1212  1273  1208  1151  
1223  1244  1194  1237  1205  1221  1187  1188  1283  1240  1280  1191  1222  1265  1284  1281  1249  1164  1287  1289  
1228  1281  1237  1306  1287  1298  1240  1218  1299  1250  1238  1197  1264  1195  1288  1261  1285  1190  1259  1232  
1275  1315  1290  1233  1276  1222  1260  1320  1289  1260  1232  1273  1235  1306  1253  1200  1227  1256  1298  1199  
1294  1216  1271  1161  1270  1232  1270  1232  1258  1268  1213  1292  1264  1216  1318  1192  1344  1186  1286  1283  
