1.19738
1227  1234  1208  1246  1237  1173  1245  1263  1231  1257  1195  1240  1202  1298  1272  1216  1219  1232  1244  1204  
1215  1262  1228  1252  1184  1236  1225  1258  1289  1213  1211  1240  1232  1247  1261  1230  1286  1219  1222  1251  
1275  1201  1263  1277  1285  1301  1256  1200  1330  1225  1251  1253  1258  1228  1201  1316  1207  1325  1247  1215  
1240  1221  1207  1212  1268  1311  1233  1270  1255  1165  1251  1219  1335  1208  1219  1209  1264  1162  1286  1291  
1280  1251  1279  1141  1171  1279  1272  1231  1167  1293  1250  1233  1231  1293  1314  1227  1253  1197  1247  1305  
1269  1128  1273  1265  1231  1227  1240  1298  1200  1321  1269  1266  1309  1268  1292  1231  1220  1202  1232  1166  
1194  1245  1251  1260  1202  1221  1353  1238  1249  1216  1239  1269  1248  1354  1300  1242  1250  1302  1224  1245  
1231  1232  1203  1226  1228  1247  1279  1258  1238  1286  1258  1200  1266  1267  1288  1237  1292  1167  1255  1294  
1263  1220  1223  1238  1207  1257  1216  1264  1235  1219  1316  1263  1279  1181  1288  1222  1206  1259  1155  1240  
1241  1260  1246  1206  1251  1225  1261  1189  1185  1333  1227  1254  1287  1283  1274  1243  1196  1327  1273  1215  
1322  1306  1202  1286  1184  1244  1238  1194  1202  1291  1189  1235  1354  1236  1221  1290  1226  1232  1268  1292  
1224  1208  1205  1259  1253  1253  1225  1203  1277  1277  1225  1321  1253  1280  1265  1200  1241  1266  1214  1231  
1281  1219  1257  1251  1293  1313  1259  1299  1300  1240  1204  1274  1258  1257  1267  1173  1228  1200  1325  1296  
1286  1256  1279  1232  1327  1224  1284  1311  1229  1271  1276  1215  1243  1255  1237  1151  1093  1285  1267  1228  
1263  1222  1268  1321  1273  1209  1278  1305  1301  1178  1288  1291  1264  1237  1219  1259  1287  1223  1219  1241  
1266  1206  1251  1252  1257  1251  1298  1217  1251  1236  1278  1220  1211  1259  1232  1236  1298  1256  1245  1277  
1272  1183  1287  1260  1252  1205  1215  1221  1284  1307  1231  1280  1224  1244  1219  1251  1235  1244  1258  1190  
1204  1285  1230  1274  1276  1191  1197  1261  1176  1289  1228  1179  1244  1325  1183  1224  1200  1255  1257  1284  
1163  1283  1197  1278  1218  1278  1329  1234  1343  1286  1251  1272  1301  1331  1245  1225  1195  1281  1239  1355  
1232  1276  1272  1228  1233  1239  1268  1238  1293  1239  1259  1332  1232  1223  1168  1271  1289  1170  1259  1297  
