1.19705
1256  1248  1289  1254  1238  1253  1280  1219  1219  1199  1223  1249  1241  1264  1232  1323  1346  1240  1314  1257  
1190  1252  1246  1212  1195  1292  1282  1165  1260  1267  1231  1195  1246  1218  1199  1193  1318  1230  1199  1230  
1264  1316  1241  1271  1261  1220  1179  1253  1214  1217  1240  1177  1210  1214  1229  1270  1266  1227  1305  1261  
1312  1219  1268  1265  1235  1204  1252  1288  1219  1291  1283  1252  1255  1224  1266  1288  1314  1307  1215  1237  
1298  1268  1301  1322  1222  1258  1269  1346  1153  1163  1264  1268  1237  1254  1228  1201  1263  1268  1245  1241  
1214  1233  1226  1324  1222  1331  1208  1276  1233  1272  1272  1261  1306  1277  1290  1241  1234  1214  1266  1250  
1204  1340  1242  1236  1214  1230  1211  1324  1138  1267  1332  1236  1316  1210  1204  1245  1252  1247  1199  1207  
1206  1239  1269  1237  1306  1221  1244  1276  1194  1231  1315  1324  1235  1275  1248  1297  1265  1298  1259  1258  
1244  1336  1348  1289  1298  1222  1281  1201  1271  1284  1231  1268  1235  1297  1247  1238  1227  1279  1282  1237  
1304  1280  1239  1275  1246  1253  1241  1270  1169  1295  1201  1289  1250  1236  1214  1189  1251  1262  1219  1255  
1233  1332  1371  1261  1226  1205  1220  1252  1310  1246  1275  1201  1255  1241  1255  1254  1261  1192  1221  1241  
1235  1207  1255  1277  1179  1288  1251  1156  1283  1234  1215  1265  1251  1226  1207  1214  1260  1220  1185  1233  
1219  1264  1301  1264  1257  1282  1294  1230  1287  1275  1201  1224  1205  1274  1187  1312  1254  1261  1285  1221  
1233  1210  1203  1268  1295  1274  1205  1256  1208  1199  1226  1256  1228  1240  1267  1226  1253  1257  1177  1240  
1284  1194  1263  1269  1266  1214  1152  1298  1209  1224  1247  1212  1235  1298  1219  1183  1189  1212  1192  1310  
1262  1276  1288  1254  1251  1256  1235  1255  1203  1225  1268  1264  1294  1239  1228  1194  1244  1226  1232  1254  
1278  1212  1225  1309  1264  1277  1284  1301  1287  1336  1244  1238  1242  1213  1228  1232  1200  1285  1270  1303  
1254  1187  1251  1290  1229  1262  1271  1176  1272  1184  1255  1268  1276  1244  1243  1195  1272  1209  1250  1317  
1210  1273  1306  1240  1253  1237  1230  1305  1258  1185  1213  1187  1275  1275  1192  1209  1266  1200  1184  1268  
1234  1303  1249  1275  1262  1208  1258  1205  1172  1248  1201  1208  1281  1234  1192  1206  1214  1262  1246  1335  
