1.19962
1335  1223  1250  1296  1233  1219  1215  1270  1263  1285  1253  1337  1273  1224  1240  1336  1265  1228  1228  1262  
1256  1297  1280  1234  1248  1270  1296  1288  1254  1211  1236  1225  1281  1273  1247  1260  1259  1239  1266  1224  
1247  1255  1261  1245  1257  1302  1286  1251  1227  1205  1250  1280  1290  1270  1240  1281  1252  1289  1209  1240  
1284  1259  1254  1251  1255  1314  1269  1245  1250  1274  1248  1242  1256  1246  1200  1257  1274  1373  1286  1295  
1245  1254  1236  1169  1165  1215  1267  1359  1305  1197  1239  1295  1265  1228  1193  1257  1184  1329  1211  1254  
1241  1351  1255  1251  1267  1238  1268  1276  1295  1245  1299  1220  1234  1266  1228  1205  1190  1250  1232  1257  
1303  1310  1243  1225  1293  1209  1199  1252  1357  1226  1251  1289  1278  1241  1247  1171  1239  1296  1253  1168  
1240  1225  1187  1264  1300  1224  1212  1267  1232  1305  1182  1226  1259  1206  1217  1307  1273  1227  1184  1254  
1290  1247  1228  1247  1228  1321  1209  1310  1243  1207  1228  1222  1230  1290  1204  1191  1277  1225  1306  1156  
1318  1228  1275  1276  1223  1262  1239  1259  1267  1190  1228  1247  1302  1194  1243  1232  1307  1247  1309  1313  
1252  1299  1239  1209  1235  1283  1231  1187  1237  1250  1229  1236  1266  1262  1251  1330  1225  1237  1184  1252  
1277  1225  1207  1283  1290  1215  1308  1226  1205  1240  1235  1262  1271  1222  1184  1252  1207  1182  1277  1291  
1199  1213  1280  1275  1231  1230  1224  1232  1268  1242  1221  1214  1203  1198  1268  1234  1202  1291  1227  1218  
1280  1253  1266  1182  1255  1273  1280  1273  1348  1246  1253  1274  1325  1182  1239  1269  1284  1276  1277  1273  
1333  1183  1251  1264  1183  1248  1302  1270  1276  1269  1298  1261  1330  1240  1209  1290  1311  1209  1308  1208  
1229  1243  1220  1240  1202  1227  1257  1252  1285  1222  1208  1273  1200  1244  1249  1232  1171  1240  1258  1280  
1192  1248  1225  1293  1221  1270  1324  1294  1295  1219  1272  1206  1300  1239  1230  1233  1272  1188  1219  1229  
1188  1229  1259  1281  1233  1229  1268  1243  1205  1278  1271  1275  1212  1213  1206  1213  1206  1288  1186  1245  
1159  1263  1256  1204  1321  1222  1192  1230  1297  1243  1220  1247  1287  1270  1182  1254  1228  1328  1253  1280  
1204  1258  1160  1226  1304  1251  1278  1275  1197  1311  1287  1236  1262  1323  1234  1226  1230  1187  1190  1251  
