1.20129
1248  1302  1263  1223  1207  1242  1257  1271  1283  1217  1223  1230  1267  1277  1227  1335  1299  1265  1269  1315  
1315  1314  1261  1292  1251  1271  1224  1234  1163  1238  1265  1286  1246  1306  1223  1227  1270  1296  1244  1238  
1277  1276  1184  1264  1194  1260  1220  1304  1228  1288  1236  1201  1243  1227  1299  1227  1213  1174  1191  1296  
1231  1194  1253  1234  1251  1277  1254  1234  1260  1218  1327  1309  1277  1294  1271  1311  1218  1316  1241  1299  
1286  1282  1272  1179  1275  1274  1308  1308  1169  1335  1227  1264  1217  1229  1243  1212  1222  1297  1333  1196  
1213  1256  1252  1256  1256  1276  1163  1279  1273  1210  1279  1223  1249  1178  1254  1219  1199  1230  1280  1190  
1210  1266  1262  1203  1333  1245  1269  1263  1242  1217  1272  1273  1258  1191  1221  1261  1271  1247  1325  1262  
1205  1283  1238  1259  1232  1246  1274  1266  1254  1236  1277  1242  1264  1229  1274  1309  1237  1311  1301  1282  
1189  1279  1281  1332  1236  1212  1260  1195  1233  1256  1281  1285  1276  1177  1239  1213  1225  1264  1227  1220  
1265  1182  1311  1299  1285  1284  1206  1249  1260  1242  1245  1291  1275  1259  1279  1273  1207  1270  1185  1191  
1201  1287  1311  1236  1226  1304  1259  1209  1192  1308  1187  1283  1263  1214  1206  1240  1300  1264  1221  1320  
1234  1270  1247  1210  1282  1159  1209  1237  1184  1185  1232  1331  1284  1295  1213  1259  1215  1255  1258  1302  
1278  1307  1203  1235  1309  1274  1277  1234  1227  1303  1253  1257  1286  1232  1251  1275  1231  1255  1221  1235  
1232  1242  1227  1341  1273  1234  1237  1222  1249  1267  1293  1266  1292  1260  1178  1256  1201  1282  1238  1243  
1245  1269  1228  1188  1227  1283  1192  1241  1305  1181  1180  1265  1255  1227  1288  1287  1293  1277  1267  1315  
1261  1223  1295  1296  1202  1270  1276  1264  1269  1261  1293  1230  1324  1277  1223  1235  1244  1201  1283  1263  
1256  1229  1231  1162  1272  1250  1290  1298  1208  1243  1238  1304  1209  1315  1260  1211  1307  1268  1229  1238  
1277  1224  1298  1278  1239  1227  1227  1294  1359  1265  1226  1246  1247  1239  1213  1279  1194  1182  1272  1256  
1242  1296  1225  1251  1333  1276  1236  1267  1270  1213  1250  1194  1243  1239  1226  1255  1188  1234  1257  1223  
1216  1322  1222  1264  1221  1295  1225  1327  1182  1259  1248  1183  1236  1267  1265  1178  1291  1257  1261  1247  
