1.19917
1198  1321  1270  1205  1247  1240  1225  1257  1275  1302  1216  1242  1191  1236  1245  1218  1284  1250  1242  1271  
1174  1279  1305  1308  1224  1276  1291  1253  1222  1222  1276  1262  1299  1236  1217  1219  1289  1207  1281  1211  
1247  1281  1206  1324  1245  1278  1152  1272  1160  1218  1268  1174  1270  1255  1243  1284  1178  1221  1331  1288  
1236  1189  1261  1225  1202  1229  1190  1243  1258  1151  1236  1232  1237  1272  1290  1295  1221  1204  1296  1355  
1245  1239  1235  1176  1224  1265  1305  1228  1243  1258  1208  1264  1236  1217  1240  1299  1255  1259  1257  1260  
1192  1248  1310  1330  1276  1256  1290  1219  1245  1257  1215  1316  1279  1294  1229  1227  1194  1232  1195  1369  
1182  1207  1194  1221  1243  1220  1251  1220  1215  1238  1289  1294  1261  1247  1284  1247  1272  1167  1198  1212  
1197  1263  1220  1262  1202  1311  1205  1308  1237  1202  1266  1246  1210  1242  1284  1236  1194  1282  1291  1293  
1327  1225  1233  1219  1264  1205  1312  1205  1148  1304  1219  1253  1242  1191  1285  1326  1267  1248  1257  1251  
1208  1217  1295  1243  1218  1244  1326  1260  1231  1125  1261  1148  1262  1214  1328  1278  1210  1257  1228  1277  
1263  1178  1274  1311  1219  1274  1252  1281  1247  1256  1280  1199  1226  1257  1212  1257  1286  1270  1195  1316  
1274  1277  1184  1278  1225  1230  1274  1264  1212  1262  1197  1244  1287  1255  1208  1228  1284  1231  1262  1302  
1255  1301  1264  1205  1241  1318  1276  1220  1243  1238  1304  1314  1283  1263  1203  1204  1239  1277  1214  1247  
1335  1178  1237  1304  1284  1324  1279  1256  1326  1176  1257  1246  1209  1283  1234  1295  1230  1207  1238  1172  
1233  1262  1210  1293  1274  1235  1232  1256  1222  1203  1155  1200  1270  1230  1292  1252  1168  1276  1296  1230  
1267  1217  1285  1262  1203  1275  1239  1224  1239  1269  1196  1278  1266  1289  1225  1238  1203  1244  1237  1330  
1231  1232  1231  1255  1282  1246  1310  1282  1320  1186  1196  1270  1278  1248  1217  1262  1257  1279  1304  1282  
1279  1270  1208  1204  1179  1225  1275  1279  1408  1205  1172  1336  1214  1228  1192  1224  1307  1222  1243  1232  
1290  1250  1283  1219  1236  1322  1235  1251  1273  1295  1241  1284  1175  1240  1288  1198  1221  1285  1236  1262  
1212  1284  1278  1244  1289  1270  1231  1219  1202  1248  1251  1302  1281  1232  1214  1235  1255  1175  1296  1275  
