1.20045
1289  1217  1269  1253  1202  1262  1262  1252  1181  1201  1279  1273  1285  1204  1236  1270  1272  1216  1225  1228  
1225  1142  1221  1238  1308  1230  1251  1234  1182  1239  1251  1330  1210  1245  1288  1260  1312  1239  1235  1206  
1313  1326  1312  1277  1285  1255  1224  1220  1197  1253  1233  1244  1252  1282  1185  1236  1206  1285  1320  1255  
1204  1270  1314  1232  1313  1279  1227  1289  1204  1227  1255  1171  1285  1256  1223  1291  1201  1237  1231  1211  
1263  1273  1269  1249  1273  1204  1233  1271  1268  1256  1261  1180  1291  1219  1267  1242  1252  1237  1336  1270  
1253  1226  1158  1343  1236  1231  1192  1269  1235  1268  1273  1241  1306  1252  1225  1226  1225  1255  1214  1204  
1256  1302  1254  1226  1284  1213  1312  1276  1221  1325  1216  1280  1259  1280  1297  1266  1259  1151  1269  1257  
1257  1249  1267  1190  1303  1308  1231  1281  1255  1204  1244  1210  1238  1183  1297  1247  1202  1267  1226  1227  
1326  1234  1242  1252  1242  1321  1290  1244  1240  1321  1201  1259  1238  1295  1292  1203  1235  1247  1245  1329  
1258  1256  1175  1229  1156  1236  1275  1245  1268  1187  1191  1253  1222  1240  1183  1274  1191  1247  1209  1263  
1197  1214  1283  1274  1280  1243  1293  1271  1277  1271  1280  1236  1319  1283  1271  1265  1229  1303  1275  1253  
1246  1207  1212  1245  1279  1255  1248  1251  1277  1283  1293  1356  1286  1244  1225  1229  1215  1300  1214  1249  
1249  1314  1244  1234  1255  1212  1211  1243  1230  1178  1241  1296  1263  1262  1283  1158  1246  1294  1258  1301  
1229  1244  1258  1236  1213  1251  1236  1345  1289  1251  1249  1193  1335  1251  1222  1208  1187  1259  1306  1249  
1259  1170  1235  1265  1247  1249  1228  1248  1213  1263  1340  1249  1233  1208  1184  1277  1212  1202  1257  1225  
1225  1283  1268  1252  1285  1201  1199  1258  1233  1228  1278  1172  1300  1216  1269  1213  1320  1251  1297  1214  
1244  1266  1219  1306  1205  1231  1240  1281  1133  1247  1305  1257  1292  1162  1282  1211  1258  1246  1253  1281  
1254  1284  1256  1289  1246  1271  1277  1235  1232  1281  1224  1268  1320  1246  1262  1236  1254  1303  1285  1261  
1229  1289  1321  1248  1272  1252  1241  1314  1248  1218  1249  1166  1274  1259  1242  1212  1190  1287  1296  1286  
1258  1204  1272  1193  1249  1248  1230  1230  1282  1164  1218  1229  1242  1236  1218  1271  1227  1173  1289  1199  
