1.19985
1356  1204  1227  1264  1244  1206  1251  1205  1288  1240  1255  1227  1275  1265  1259  1228  1252  1222  1247  1225  
1191  1236  1289  1212  1278  1239  1310  1283  1263  1211  1272  1242  1216  1202  1260  1231  1187  1332  1272  1219  
1248  1182  1367  1182  1278  1241  1256  1214  1256  1259  1257  1239  1303  1243  1246  1276  1263  1191  1237  1244  
1263  1294  1207  1277  1197  1261  1234  1271  1315  1213  1204  1247  1275  1328  1210  1179  1358  1245  1236  1261  
1232  1128  1263  1262  1290  1271  1241  1160  1281  1213  1277  1245  1244  1274  1240  1292  1231  1247  1187  1271  
1206  1222  1312  1308  1230  1217  1182  1154  1306  1251  1305  1313  1239  1275  1227  1310  1268  1282  1271  1234  
1296  1250  1258  1222  1287  1251  1215  1261  1244  1204  1245  1265  1199  1213  1324  1197  1169  1266  1268  1244  
1268  1199  1238  1305  1250  1245  1266  1304  1221  1245  1275  1304  1199  1274  1215  1266  1191  1242  1255  1237  
1288  1228  1250  1218  1163  1247  1248  1224  1258  1240  1225  1253  1182  1215  1179  1323  1206  1181  1290  1234  
1233  1265  1295  1282  1231  1324  1233  1204  1256  1324  1266  1238  1250  1256  1156  1236  1336  1164  1301  1233  
1236  1282  1256  1244  1258  1251  1247  1202  1289  1196  1241  1200  1297  1275  1304  1242  1313  1175  1232  1249  
1200  1277  1267  1221  1237  1230  1320  1249  1198  1277  1241  1308  1225  1251  1234  1204  1311  1271  1298  1224  
1255  1272  1276  1304  1287  1278  1261  1272  1238  1278  1271  1257  1270  1276  1268  1284  1251  1233  1290  1180  
1265  1219  1357  1249  1285  1205  1250  1250  1351  1265  1264  1177  1241  1287  1273  1290  1232  1234  1256  1219  
1212  1145  1299  1236  1302  1243  1221  1275  1240  1303  1282  1212  1260  1258  1305  1268  1269  1267  1264  1300  
1319  1276  1265  1229  1186  1173  1197  1286  1271  1210  1245  1285  1219  1223  1221  1276  1288  1270  1230  1287  
1316  1179  1248  1197  1264  1235  1189  1231  1262  1237  1274  1321  1249  1315  1193  1234  1277  1226  1340  1221  
1278  1212  1196  1251  1209  1219  1271  1239  1298  1277  1274  1255  1205  1238  1266  1265  1225  1220  1286  1228  
1222  1231  1224  1223  1263  1262  1254  1233  1235  1226  1207  1218  1286  1265  1242  1255  1193  1261  1310  1203  
1269  1175  1264  1209  1326  1266  1259  1247  1221  1283  1290  1282  1253  1252  1305  1235  1305  1310  1284  1256  
