1.19853
1201  1214  1244  1284  1307  1241  1242  1225  1201  1226  1267  1252  1245  1268  1232  1244  1282  1250  1271  1232  
1233  1251  1235  1287  1259  1285  1300  1258  1218  1206  1253  1237  1289  1273  1251  1304  1264  1302  1226  1195  
1248  1268  1273  1234  1246  1288  1219  1252  1276  1236  1297  1306  1270  1256  1220  1265  1283  1215  1258  1282  
1239  1257  1250  1229  1228  1262  1314  1219  1270  1216  1224  1232  1274  1234  1235  1288  1161  1212  1265  1290  
1288  1223  1268  1263  1268  1261  1209  1339  1302  1216  1165  1233  1180  1263  1276  1251  1221  1237  1206  1270  
1255  1300  1220  1255  1298  1281  1302  1239  1307  1228  1229  1249  1241  1234  1272  1166  1241  1308  1238  1258  
1155  1190  1273  1278  1240  1191  1229  1279  1250  1250  1226  1250  1305  1356  1229  1341  1250  1254  1290  1221  
1254  1245  1250  1193  1320  1236  1260  1237  1294  1234  1284  1252  1302  1237  1265  1167  1247  1226  1278  1250  
1313  1225  1250  1214  1200  1133  1261  1249  1224  1275  1257  1315  1292  1251  1220  1262  1265  1269  1271  1234  
1232  1282  1250  1260  1264  1336  1207  1212  1247  1209  1215  1242  1241  1295  1205  1235  1191  1252  1252  1219  
1270  1214  1203  1239  1312  1205  1262  1237  1232  1260  1244  1168  1251  1332  1259  1180  1248  1267  1221  1269  
1320  1219  1224  1225  1264  1229  1223  1302  1213  1257  1228  1268  1302  1246  1261  1248  1202  1178  1260  1353  
1224  1284  1303  1264  1242  1265  1284  1313  1240  1213  1272  1235  1244  1192  1248  1267  1248  1304  1156  1320  
1269  1238  1221  1264  1244  1196  1339  1261  1287  1293  1321  1229  1230  1347  1254  1317  1241  1236  1292  1258  
1229  1219  1216  1253  1242  1257  1225  1231  1248  1268  1203  1233  1262  1214  1226  1283  1190  1260  1196  1259  
1223  1163  1233  1243  1176  1164  1253  1269  1252  1238  1279  1239  1212  1269  1238  1231  1220  1171  1223  1319  
1176  1228  1221  1219  1271  1223  1192  1245  1270  1302  1214  1148  1247  1229  1204  1239  1243  1294  1270  1235  
1278  1196  1252  1229  1288  1269  1170  1260  1225  1229  1277  1241  1200  1270  1183  1212  1234  1250  1291  1293  
1290  1204  1244  1250  1294  1258  1244  1256  1232  1286  1224  1223  1272  1271  1296  1196  1219  1228  1300  1245  
1274  1287  1215  1203  1237  1262  1268  1235  1216  1158  1268  1242  1242  1280  1236  1254  1274  1265  1262  1240  
