1.19721
1247  1169  1254  1257  1275  1290  1216  1183  1277  1204  1204  1199  1281  1206  1308  1230  1261  1203  1244  1220  
1294  1278  1272  1294  1240  1308  1259  1222  1115  1210  1243  1238  1218  1245  1245  1266  1274  1245  1271  1255  
1191  1235  1265  1266  1247  1252  1279  1242  1290  1267  1254  1267  1170  1233  1259  1225  1237  1270  1277  1251  
1150  1227  1302  1236  1236  1231  1214  1239  1284  1235  1267  1242  1272  1203  1258  1255  1227  1251  1250  1230  
1249  1222  1262  1193  1282  1213  1211  1199  1253  1291  1318  1250  1349  1292  1233  1201  1229  1272  1254  1301  
1170  1237  1226  1178  1211  1262  1184  1295  1250  1257  1253  1307  1186  1281  1289  1312  1242  1266  1219  1261  
1278  1237  1237  1217  1295  1258  1238  1207  1290  1226  1264  1296  1304  1287  1265  1287  1313  1261  1277  1253  
1226  1237  1197  1204  1272  1261  1249  1253  1257  1311  1218  1214  1294  1225  1280  1292  1155  1249  1202  1245  
1211  1257  1304  1330  1230  1263  1233  1235  1181  1216  1191  1285  1221  1209  1241  1191  1231  1215  1282  1203  
1275  1216  1253  1284  1256  1283  1239  1299  1200  1224  1322  1282  1193  1352  1286  1241  1285  1253  1251  1270  
1265  1229  1243  1220  1254  1245  1179  1232  1296  1282  1279  1247  1267  1265  1229  1226  1254  1225  1222  1251  
1282  1203  1222  1266  1279  1276  1337  1281  1235  1270  1250  1260  1212  1238  1200  1286  1351  1288  1318  1228  
1231  1264  1247  1243  1253  1249  1281  1231  1292  1252  1246  1161  1301  1246  1265  1219  1180  1228  1237  1217  
1256  1229  1238  1222  1292  1204  1288  1232  1246  1268  1184  1218  1157  1240  1229  1274  1186  1276  1247  1255  
1213  1247  1216  1285  1276  1149  1266  1237  1254  1242  1214  1282  1236  1208  1192  1281  1234  1234  1248  1233  
1275  1220  1299  1181  1339  1309  1205  1265  1222  1302  1290  1191  1294  1263  1222  1233  1218  1212  1214  1253  
1268  1225  1203  1218  1158  1291  1258  1214  1225  1284  1232  1189  1203  1289  1249  1248  1123  1206  1211  1321  
1286  1261  1277  1274  1222  1306  1197  1283  1221  1276  1315  1281  1289  1230  1244  1247  1274  1229  1242  1276  
1220  1230  1237  1263  1293  1265  1252  1217  1166  1260  1230  1223  1295  1215  1260  1210  1229  1194  1211  1177  
1284  1255  1238  1279  1317  1257  1271  1290  1280  1284  1143  1262  1203  1290  1267  1217  1247  1212  1321  1290  
