1.20178
1278  1257  1291  1235  1221  1257  1255  1232  1274  1178  1213  1241  1199  1202  1152  1209  1309  1181  1258  1220  
1223  1215  1263  1306  1236  1234  1302  1250  1251  1276  1317  1328  1239  1288  1226  1252  1232  1288  1182  1278  
1255  1178  1284  1257  1284  1269  1312  1210  1245  1241  1198  1196  1238  1251  1215  1230  1233  1295  1209  1215  
1238  1209  1239  1280  1249  1282  1220  1296  1145  1232  1180  1292  1205  1265  1300  1263  1304  1232  1317  1216  
1296  1206  1336  1321  1218  1261  1218  1263  1253  1169  1240  1295  1266  1296  1287  1286  1209  1221  1344  1262  
1199  1267  1168  1216  1272  1205  1249  1298  1286  1191  1288  1139  1185  1228  1223  1307  1273  1268  1214  1213  
1263  1295  1247  1328  1246  1161  1219  1208  1220  1270  1221  1279  1336  1308  1295  1201  1249  1252  1251  1182  
1246  1255  1292  1170  1205  1230  1211  1300  1350  1257  1230  1306  1311  1265  1221  1247  1187  1226  1285  1282  
1245  1261  1265  1263  1301  1206  1246  1256  1251  1202  1179  1244  1283  1253  1295  1261  1245  1255  1286  1245  
1228  1208  1201  1206  1246  1275  1210  1310  1217  1313  1274  1244  1187  1208  1272  1298  1266  1218  1214  1228  
1262  1269  1206  1214  1196  1252  1322  1260  1271  1222  1216  1250  1188  1247  1273  1320  1182  1210  1220  1300  
1320  1260  1316  1299  1190  1297  1256  1216  1272  1224  1302  1371  1211  1305  1274  1189  1221  1253  1271  1267  
1215  1232  1230  1201  1243  1255  1264  1287  1319  1290  1187  1286  1231  1228  1249  1246  1245  1310  1290  1252  
1244  1196  1307  1262  1214  1236  1288  1251  1227  1247  1193  1299  1179  1217  1237  1238  1220  1241  1222  1291  
1298  1298  1272  1223  1281  1226  1283  1197  1273  1300  1118  1260  1264  1263  1225  1214  1193  1215  1280  1207  
1186  1297  1292  1246  1285  1221  1163  1295  1265  1296  1286  1240  1283  1292  1225  1279  1229  1256  1251  1235  
1273  1284  1249  1319  1239  1343  1367  1262  1298  1220  1266  1277  1266  1264  1247  1257  1252  1245  1288  1227  
1222  1246  1252  1266  1211  1336  1234  1201  1269  1299  1241  1210  1183  1282  1198  1322  1214  1291  1281  1225  
1225  1254  1225  1233  1294  1232  1328  1287  1255  1263  1286  1266  1241  1297  1209  1283  1149  1230  1237  1220  
1294  1278  1234  1290  1234  1215  1201  1163  1265  1302  1257  1296  1252  1228  1263  1205  1228  1253  1209  1242  
