1.19982
1265  1218  1259  1199  1222  1257  1231  1251  1286  1275  1239  1269  1304  1207  1256  1212  1217  1248  1237  1265  
1226  1301  1259  1224  1234  1287  1267  1231  1302  1231  1205  1291  1172  1263  1344  1320  1259  1299  1186  1220  
1268  1320  1202  1252  1244  1219  1233  1189  1303  1231  1267  1256  1274  1217  1293  1301  1270  1273  1193  1228  
1306  1259  1254  1264  1290  1218  1226  1198  1269  1271  1266  1242  1207  1268  1228  1286  1261  1205  1236  1292  
1219  1237  1258  1288  1274  1298  1253  1208  1313  1222  1300  1171  1268  1171  1265  1192  1304  1268  1315  1219  
1229  1232  1236  1234  1213  1265  1265  1231  1364  1222  1229  1237  1251  1193  1221  1265  1249  1325  1267  1260  
1220  1264  1253  1248  1259  1213  1209  1208  1230  1245  1244  1214  1305  1282  1290  1240  1237  1272  1326  1257  
1295  1214  1274  1301  1183  1205  1228  1232  1199  1269  1320  1333  1233  1313  1211  1220  1186  1254  1236  1262  
1315  1226  1229  1228  1261  1283  1262  1292  1331  1227  1226  1246  1292  1235  1203  1244  1261  1279  1231  1250  
1243  1214  1278  1251  1261  1253  1269  1260  1213  1264  1211  1280  1223  1226  1253  1270  1310  1227  1276  1226  
1183  1288  1229  1188  1289  1288  1279  1229  1240  1273  1226  1221  1280  1176  1225  1272  1249  1273  1202  1225  
1293  1223  1309  1288  1293  1247  1242  1199  1236  1288  1225  1218  1245  1305  1282  1229  1228  1281  1265  1298  
1280  1288  1179  1238  1272  1302  1338  1235  1169  1291  1325  1256  1271  1303  1273  1211  1271  1192  1227  1260  
1215  1238  1233  1275  1219  1213  1350  1203  1292  1290  1196  1273  1254  1252  1216  1239  1255  1256  1254  1271  
1259  1263  1202  1261  1307  1285  1224  1243  1310  1297  1253  1310  1253  1245  1311  1210  1232  1226  1222  1337  
1282  1313  1310  1201  1274  1248  1320  1278  1233  1267  1327  1228  1261  1214  1261  1242  1146  1270  1298  1229  
1212  1166  1251  1285  1269  1262  1200  1257  1316  1232  1339  1247  1252  1255  1295  1232  1260  1226  1265  1250  
1244  1263  1264  1264  1273  1226  1261  1255  1247  1290  1259  1259  1224  1217  1270  1214  1251  1214  1272  1291  
1264  1225  1233  1217  1232  1252  1202  1245  1150  1289  1306  1240  1192  1216  1237  1281  1236  1189  1163  1217  
1279  1232  1278  1197  1280  1258  1255  1247  1252  1214  1210  1268  1199  1196  1240  1306  1291  1260  1226  1285  
