1.19922
1233  1208  1227  1255  1283  1273  1245  1254  1271  1252  1290  1317  1199  1203  1219  1250  1240  1287  1222  1274  
1260  1224  1189  1316  1215  1310  1236  1335  1236  1280  1243  1277  1255  1253  1226  1257  1330  1217  1245  1282  
1206  1298  1287  1187  1267  1282  1246  1258  1231  1262  1298  1190  1199  1237  1212  1224  1274  1293  1244  1231  
1255  1196  1241  1191  1225  1252  1239  1302  1227  1240  1262  1271  1292  1247  1234  1228  1252  1241  1232  1251  
1257  1286  1247  1259  1260  1251  1293  1257  1205  1247  1253  1267  1277  1228  1291  1253  1222  1229  1229  1235  
1295  1327  1248  1208  1277  1284  1236  1232  1296  1234  1249  1258  1349  1260  1257  1213  1250  1283  1197  1210  
1246  1187  1208  1295  1272  1272  1213  1296  1207  1242  1233  1200  1279  1302  1243  1240  1317  1255  1287  1338  
1261  1265  1195  1202  1207  1232  1275  1268  1269  1228  1241  1295  1169  1224  1199  1262  1298  1249  1303  1262  
1221  1179  1237  1303  1245  1187  1269  1254  1195  1197  1234  1219  1277  1259  1205  1270  1221  1250  1282  1276  
1255  1232  1293  1235  1256  1327  1280  1305  1280  1221  1248  1225  1288  1288  1228  1317  1175  1321  1211  1248  
1202  1214  1236  1239  1290  1250  1262  1266  1260  1185  1245  1268  1281  1260  1237  1269  1256  1214  1279  1231  
1262  1279  1260  1224  1291  1250  1242  1211  1206  1259  1223  1229  1261  1235  1272  1229  1259  1270  1212  1234  
1204  1317  1255  1212  1238  1262  1278  1250  1230  1195  1253  1283  1253  1242  1148  1328  1146  1236  1223  1212  
1221  1314  1275  1271  1248  1213  1274  1238  1239  1302  1286  1201  1241  1241  1242  1236  1248  1209  1232  1234  
1201  1175  1199  1225  1260  1235  1255  1286  1183  1287  1179  1251  1223  1212  1296  1232  1219  1315  1251  1314  
1229  1310  1268  1174  1232  1223  1210  1245  1301  1316  1263  1293  1239  1208  1186  1232  1272  1219  1299  1202  
1271  1205  1232  1221  1290  1248  1204  1260  1246  1297  1194  1233  1231  1268  1244  1198  1173  1193  1265  1216  
1247  1238  1227  1283  1251  1288  1261  1299  1244  1276  1265  1308  1220  1275  1187  1276  1193  1250  1325  1219  
1286  1246  1237  1244  1214  1179  1200  1307  1318  1301  1176  1237  1319  1284  1260  1264  1249  1232  1228  1289  
1268  1224  1252  1284  1185  1272  1221  1269  1157  1204  1258  1318  1229  1198  1286  1193  1199  1257  1345  1326  
