1.19902
1219  1184  1216  1176  1257  1256  1341  1264  1257  1257  1278  1216  1242  1200  1238  1272  1304  1174  1143  1224  
1180  1347  1238  1261  1246  1240  1259  1316  1213  1253  1181  1255  1291  1267  1239  1353  1323  1208  1243  1260  
1247  1186  1238  1249  1316  1252  1187  1234  1239  1276  1329  1270  1242  1210  1239  1225  1319  1309  1261  1208  
1246  1257  1387  1244  1210  1268  1228  1317  1295  1262  1318  1242  1280  1230  1286  1260  1194  1260  1295  1213  
1220  1254  1262  1293  1251  1245  1260  1342  1248  1219  1207  1238  1245  1282  1269  1247  1284  1239  1240  1259  
1238  1296  1254  1192  1296  1213  1173  1196  1179  1265  1255  1206  1305  1290  1204  1309  1338  1315  1274  1227  
1226  1199  1235  1323  1189  1248  1245  1310  1246  1183  1230  1246  1208  1231  1290  1260  1249  1233  1246  1252  
1274  1202  1223  1285  1282  1286  1188  1265  1212  1229  1229  1253  1246  1238  1223  1295  1200  1185  1286  1233  
1240  1285  1231  1240  1225  1277  1231  1290  1219  1313  1324  1211  1275  1189  1245  1290  1185  1233  1297  1223  
1281  1204  1278  1191  1219  1231  1258  1300  1252  1219  1272  1274  1315  1232  1249  1212  1243  1234  1277  1247  
1272  1182  1205  1334  1294  1294  1289  1280  1258  1315  1202  1250  1184  1277  1253  1273  1318  1234  1240  1220  
1214  1259  1212  1226  1211  1258  1257  1242  1274  1152  1290  1241  1196  1237  1322  1261  1255  1318  1236  1220  
1167  1245  1241  1263  1276  1247  1310  1285  1301  1248  1252  1227  1329  1258  1231  1282  1161  1226  1222  1211  
1236  1276  1264  1240  1256  1242  1258  1180  1242  1247  1279  1252  1242  1298  1268  1207  1177  1154  1257  1162  
1291  1224  1287  1227  1290  1247  1281  1259  1261  1218  1269  1256  1274  1222  1251  1227  1271  1270  1234  1273  
1247  1215  1230  1280  1203  1233  1240  1235  1214  1238  1241  1283  1250  1216  1178  1274  1247  1235  1252  1294  
1239  1192  1252  1233  1290  1301  1161  1248  1229  1325  1305  1283  1250  1222  1236  1276  1249  1246  1303  1189  
1284  1233  1263  1246  1283  1239  1263  1296  1269  1264  1165  1292  1221  1272  1172  1297  1242  1250  1261  1189  
1211  1286  1246  1233  1198  1195  1204  1297  1248  1212  1261  1265  1218  1285  1303  1260  1233  1259  1294  1302  
1218  1219  1253  1324  1274  1180  1251  1220  1265  1188  1224  1179  1258  1270  1327  1243  1234  1261  1196  1300  
