1.197
1235  1262  1202  1212  1299  1223  1279  1211  1239  1187  1258  1237  1272  1232  1218  1236  1280  1225  1259  1231  
1284  1250  1203  1205  1284  1228  1265  1235  1199  1233  1278  1181  1282  1296  1214  1250  1233  1265  1259  1228  
1280  1264  1206  1150  1238  1247  1316  1214  1267  1269  1242  1226  1306  1256  1255  1268  1224  1320  1244  1185  
1245  1276  1310  1357  1266  1247  1253  1215  1314  1273  1332  1309  1192  1261  1251  1265  1222  1303  1247  1246  
1255  1204  1256  1200  1281  1230  1261  1236  1220  1242  1214  1280  1280  1268  1217  1328  1322  1293  1193  1270  
1218  1243  1263  1252  1227  1307  1318  1315  1251  1299  1204  1258  1207  1193  1275  1285  1265  1218  1259  1262  
1219  1243  1289  1255  1220  1230  1323  1197  1240  1250  1282  1307  1276  1270  1234  1233  1263  1314  1280  1228  
1272  1276  1267  1287  1247  1261  1215  1250  1206  1229  1235  1269  1247  1208  1216  1230  1330  1228  1210  1268  
1138  1247  1176  1250  1277  1188  1202  1222  1263  1247  1241  1240  1263  1207  1223  1317  1245  1308  1249  1316  
1255  1244  1230  1221  1232  1233  1254  1198  1241  1185  1176  1226  1232  1214  1313  1206  1210  1255  1258  1256  
1172  1163  1289  1189  1275  1314  1240  1214  1228  1259  1266  1242  1232  1203  1181  1231  1245  1281  1292  1258  
1254  1290  1340  1199  1246  1246  1214  1243  1278  1219  1206  1165  1273  1280  1274  1287  1141  1223  1205  1270  
1218  1230  1249  1264  1275  1263  1226  1256  1166  1201  1244  1316  1222  1150  1243  1278  1254  1208  1226  1232  
1260  1261  1202  1281  1275  1234  1266  1267  1264  1213  1247  1280  1274  1248  1255  1251  1209  1195  1254  1264  
1233  1251  1255  1205  1263  1259  1167  1224  1231  1227  1208  1281  1200  1224  1296  1287  1277  1224  1234  1187  
1297  1199  1228  1281  1256  1306  1250  1242  1236  1265  1157  1270  1277  1280  1229  1188  1256  1259  1248  1272  
1218  1245  1279  1190  1189  1175  1197  1268  1201  1223  1247  1244  1272  1262  1250  1223  1213  1242  1256  1260  
1236  1292  1279  1265  1304  1225  1314  1278  1236  1296  1241  1202  1259  1289  1299  1229  1293  1269  1283  1236  
1315  1245  1282  1288  1268  1209  1217  1297  1218  1225  1301  1202  1238  1297  1234  1227  1269  1239  1220  1273  
1262  1260  1194  1169  1285  1203  1333  1223  1298  1233  1227  1323  1206  1320  1249  1250  1197  1217  1165  1237  
