1.19945
1235  1265  1256  1225  1233  1279  1169  1216  1254  1258  1203  1235  1243  1300  1275  1308  1227  1217  1205  1208  
1266  1270  1237  1263  1283  1257  1280  1248  1304  1227  1180  1267  1195  1275  1214  1243  1211  1295  1239  1243  
1175  1248  1268  1234  1233  1282  1162  1307  1255  1198  1260  1273  1295  1224  1228  1261  1217  1323  1213  1200  
1246  1209  1178  1173  1225  1263  1289  1289  1246  1289  1295  1228  1223  1265  1210  1188  1244  1255  1233  1168  
1338  1261  1259  1260  1283  1253  1253  1285  1246  1168  1215  1237  1188  1280  1157  1313  1263  1237  1278  1296  
1193  1309  1269  1234  1248  1341  1282  1249  1242  1349  1279  1211  1204  1190  1267  1287  1156  1253  1234  1261  
1155  1239  1254  1228  1231  1185  1291  1252  1286  1258  1263  1191  1223  1264  1237  1138  1261  1244  1264  1246  
1247  1231  1235  1219  1255  1253  1188  1231  1233  1209  1230  1208  1239  1275  1255  1283  1246  1274  1259  1234  
1189  1238  1261  1258  1248  1199  1314  1272  1251  1204  1199  1277  1268  1220  1230  1193  1262  1263  1254  1230  
1235  1136  1248  1200  1235  1254  1297  1317  1287  1260  1192  1181  1258  1272  1215  1268  1210  1244  1196  1279  
1233  1311  1243  1238  1264  1179  1257  1232  1263  1267  1227  1296  1257  1337  1222  1244  1202  1198  1271  1286  
1237  1201  1207  1246  1320  1192  1227  1252  1244  1326  1244  1192  1203  1232  1243  1303  1264  1295  1298  1252  
1263  1335  1212  1248  1229  1219  1247  1221  1325  1285  1166  1278  1191  1268  1187  1302  1253  1242  1233  1230  
1243  1285  1336  1256  1227  1230  1319  1314  1309  1275  1275  1203  1356  1277  1235  1216  1210  1158  1226  1317  
1288  1250  1304  1191  1321  1301  1256  1243  1251  1216  1271  1255  1290  1206  1239  1286  1231  1253  1278  1293  
1313  1220  1212  1316  1279  1247  1276  1303  1249  1241  1247  1285  1223  1230  1297  1301  1220  1276  1290  1232  
1207  1257  1257  1247  1231  1287  1246  1259  1236  1167  1223  1266  1236  1289  1234  1233  1309  1330  1252  1216  
1304  1243  1229  1262  1322  1264  1277  1239  1245  1274  1180  1248  1209  1352  1240  1271  1279  1249  1218  1241  
1240  1226  1224  1244  1263  1224  1253  1293  1223  1263  1206  1215  1221  1196  1257  1196  1260  1237  1236  1278  
1263  1252  1276  1275  1218  1272  1265  1192  1224  1250  1355  1221  1303  1262  1237  1250  1271  1219  1311  1365  
