1.19824
1225  1244  1329  1244  1292  1297  1229  1228  1281  1215  1196  1260  1264  1298  1299  1205  1280  1216  1269  1261  
1319  1167  1231  1271  1235  1260  1228  1271  1165  1248  1214  1219  1291  1233  1239  1248  1259  1219  1269  1238  
1294  1203  1224  1298  1317  1239  1257  1222  1182  1229  1263  1253  1282  1221  1274  1231  1257  1276  1194  1223  
1202  1214  1237  1231  1261  1308  1241  1291  1232  1286  1222  1211  1232  1214  1235  1289  1248  1294  1207  1275  
1261  1270  1197  1288  1288  1237  1330  1328  1290  1221  1278  1229  1261  1198  1290  1201  1239  1246  1266  1231  
1194  1250  1322  1292  1257  1213  1308  1281  1192  1286  1257  1284  1287  1299  1288  1251  1259  1171  1225  1292  
1227  1238  1279  1255  1237  1188  1298  1331  1217  1256  1291  1238  1286  1283  1274  1275  1162  1213  1309  1233  
1216  1207  1295  1239  1293  1237  1198  1297  1311  1195  1298  1273  1196  1344  1241  1229  1257  1263  1252  1260  
1277  1273  1188  1208  1282  1170  1314  1256  1185  1256  1189  1233  1264  1300  1152  1223  1257  1201  1231  1294  
1242  1217  1259  1259  1211  1227  1222  1286  1212  1231  1243  1281  1271  1289  1241  1138  1276  1190  1280  1297  
1257  1237  1210  1312  1294  1302  1177  1283  1270  1231  1281  1217  1206  1180  1278  1268  1235  1258  1211  1280  
1216  1207  1273  1257  1243  1270  1357  1312  1344  1275  1276  1220  1290  1239  1301  1222  1180  1255  1280  1288  
1204  1247  1258  1183  1270  1225  1234  1239  1269  1216  1222  1227  1229  1296  1256  1314  1272  1212  1256  1319  
1210  1262  1273  1295  1262  1234  1320  1285  1243  1276  1301  1292  1191  1223  1199  1155  1202  1253  1251  1228  
1210  1209  1261  1252  1259  1281  1282  1255  1174  1237  1296  1304  1242  1249  1263  1217  1219  1298  1297  1275  
1262  1191  1208  1303  1250  1204  1248  1274  1307  1326  1269  1294  1248  1220  1224  1266  1180  1231  1249  1269  
1150  1199  1302  1247  1226  1196  1222  1210  1229  1234  1199  1172  1243  1218  1195  1263  1284  1263  1297  1307  
1143  1256  1254  1267  1247  1288  1212  1215  1306  1225  1206  1202  1206  1237  1304  1279  1231  1258  1294  1324  
1226  1213  1156  1236  1277  1251  1243  1223  1218  1249  1264  1248  1208  1267  1245  1248  1234  1195  1274  1216  
1256  1215  1260  1268  1268  1341  1209  1203  1238  1279  1265  1266  1210  1194  1291  1304  1261  1271  1319  1255  
