1.19907
1291  1322  1277  1305  1240  1221  1278  1257  1255  1377  1260  1260  1291  1227  1310  1190  1242  1178  1267  1327  
1197  1243  1236  1260  1281  1241  1261  1259  1258  1242  1194  1206  1219  1238  1238  1256  1257  1238  1214  1300  
1277  1345  1239  1268  1263  1188  1261  1272  1261  1245  1224  1305  1269  1312  1203  1252  1248  1232  1256  1169  
1212  1270  1280  1280  1337  1190  1214  1294  1201  1222  1179  1282  1285  1290  1128  1196  1258  1251  1201  1293  
1221  1346  1315  1250  1127  1156  1269  1312  1229  1280  1218  1261  1216  1311  1328  1246  1311  1239  1286  1244  
1254  1219  1297  1236  1263  1243  1255  1292  1316  1299  1216  1307  1210  1258  1182  1206  1313  1310  1209  1261  
1275  1288  1266  1290  1243  1207  1297  1210  1249  1307  1170  1223  1252  1248  1274  1284  1218  1249  1239  1263  
1220  1336  1279  1248  1247  1252  1286  1239  1260  1236  1244  1187  1229  1260  1208  1163  1170  1236  1161  1223  
1238  1168  1213  1241  1249  1256  1231  1301  1258  1207  1263  1250  1249  1251  1316  1196  1261  1232  1213  1285  
1208  1241  1249  1262  1271  1259  1256  1210  1262  1305  1220  1308  1247  1177  1286  1194  1200  1299  1248  1235  
1261  1287  1287  1249  1252  1271  1200  1253  1186  1191  1265  1259  1224  1171  1268  1332  1255  1331  1168  1179  
1245  1204  1261  1179  1284  1246  1216  1273  1218  1172  1248  1218  1265  1328  1286  1215  1222  1258  1239  1238  
1274  1282  1213  1209  1266  1268  1246  1232  1157  1197  1229  1203  1217  1262  1239  1315  1232  1272  1240  1227  
1286  1239  1268  1314  1263  1302  1266  1219  1258  1334  1210  1245  1281  1318  1229  1262  1294  1331  1254  1292  
1270  1237  1224  1201  1301  1223  1321  1243  1256  1319  1275  1259  1286  1232  1260  1275  1263  1180  1240  1242  
1254  1187  1215  1217  1276  1290  1253  1257  1259  1277  1222  1286  1237  1252  1301  1285  1278  1247  1251  1236  
1284  1259  1292  1253  1167  1199  1247  1207  1274  1179  1241  1326  1328  1203  1232  1324  1237  1221  1222  1229  
1233  1292  1235  1223  1301  1229  1203  1268  1257  1276  1216  1264  1174  1233  1300  1251  1254  1246  1263  1247  
1344  1267  1240  1184  1326  1230  1205  1312  1240  1312  1265  1270  1197  1258  1299  1301  1259  1224  1223  1273  
1230  1253  1259  1215  1263  1264  1262  1251  1223  1242  1245  1245  1201  1255  1241  1200  1275  1188  1137  1238  
