1.2001
1368  1256  1269  1226  1274  1217  1274  1313  1276  1232  1263  1225  1208  1243  1212  1253  1274  1144  1251  1223  
1253  1304  1186  1269  1240  1335  1263  1252  1248  1248  1242  1186  1248  1231  1225  1276  1227  1282  1295  1195  
1262  1208  1237  1274  1303  1318  1267  1368  1268  1275  1209  1242  1257  1282  1252  1273  1234  1296  1334  1273  
1321  1216  1250  1223  1251  1222  1277  1179  1306  1235  1181  1195  1306  1182  1275  1252  1260  1189  1240  1319  
1242  1276  1256  1320  1275  1306  1276  1266  1320  1249  1246  1270  1226  1240  1226  1277  1338  1221  1179  1289  
1217  1331  1243  1222  1168  1161  1203  1234  1281  1186  1253  1285  1263  1143  1294  1216  1164  1252  1176  1235  
1203  1278  1188  1251  1171  1173  1145  1315  1234  1200  1300  1230  1291  1281  1246  1284  1283  1225  1261  1274  
1303  1240  1244  1257  1237  1214  1262  1173  1239  1222  1334  1223  1274  1344  1299  1247  1227  1233  1270  1242  
1266  1255  1230  1309  1285  1231  1182  1316  1274  1324  1272  1225  1240  1278  1266  1235  1211  1263  1181  1259  
1257  1272  1270  1183  1258  1267  1269  1224  1327  1156  1319  1247  1214  1327  1190  1263  1157  1183  1258  1229  
1193  1269  1205  1224  1300  1247  1220  1177  1270  1247  1197  1256  1254  1296  1315  1212  1265  1258  1213  1212  
1289  1250  1238  1263  1224  1256  1255  1253  1267  1166  1268  1241  1278  1346  1198  1260  1248  1315  1223  1299  
1230  1268  1231  1229  1209  1260  1323  1198  1193  1317  1196  1199  1262  1278  1250  1254  1189  1288  1273  1284  
1291  1218  1268  1253  1202  1205  1213  1180  1235  1288  1220  1213  1180  1301  1203  1225  1173  1265  1277  1267  
1199  1281  1242  1231  1226  1246  1204  1246  1255  1227  1211  1260  1192  1219  1309  1255  1339  1291  1270  1245  
1265  1261  1327  1310  1264  1221  1265  1291  1190  1229  1281  1199  1301  1253  1242  1299  1256  1266  1244  1294  
1267  1249  1258  1255  1226  1241  1228  1215  1281  1313  1275  1261  1323  1288  1247  1262  1259  1180  1312  1295  
1245  1242  1256  1299  1250  1278  1231  1245  1187  1217  1210  1198  1258  1222  1213  1210  1294  1285  1272  1218  
1214  1250  1229  1261  1210  1256  1236  1340  1274  1276  1150  1229  1240  1302  1228  1278  1239  1265  1225  1256  
1226  1210  1239  1190  1254  1322  1333  1214  1262  1282  1232  1234  1284  1239  1218  1301  1276  1232  1243  1244  
