1.2012
1279  1340  1278  1234  1206  1232  1197  1227  1236  1256  1254  1349  1279  1262  1211  1226  1280  1183  1259  1285  
1242  1167  1284  1251  1247  1270  1281  1259  1276  1240  1233  1188  1241  1256  1218  1252  1284  1271  1205  1294  
1262  1297  1274  1269  1294  1302  1286  1264  1309  1237  1221  1200  1289  1297  1303  1244  1235  1251  1281  1250  
1262  1333  1255  1199  1258  1255  1286  1190  1273  1244  1290  1345  1246  1285  1237  1252  1222  1220  1268  1240  
1209  1248  1264  1246  1268  1275  1298  1272  1276  1315  1260  1209  1239  1214  1249  1202  1248  1269  1265  1279  
1250  1284  1223  1232  1253  1229  1260  1266  1245  1207  1218  1279  1202  1217  1238  1201  1191  1298  1134  1198  
1280  1212  1252  1282  1244  1253  1259  1239  1247  1267  1263  1186  1187  1278  1266  1271  1272  1273  1208  1230  
1235  1211  1240  1254  1219  1250  1229  1260  1223  1244  1226  1196  1226  1249  1277  1254  1241  1197  1238  1229  
1288  1212  1199  1172  1199  1242  1245  1244  1219  1187  1213  1287  1250  1293  1277  1258  1221  1332  1278  1347  
1257  1281  1267  1235  1321  1284  1243  1233  1223  1219  1276  1184  1213  1217  1257  1239  1309  1262  1252  1215  
1216  1309  1215  1246  1190  1285  1244  1272  1274  1265  1252  1223  1267  1261  1240  1318  1229  1302  1265  1230  
1226  1285  1204  1251  1251  1243  1337  1244  1232  1269  1276  1272  1246  1288  1284  1275  1266  1266  1247  1289  
1236  1312  1209  1227  1219  1271  1230  1208  1267  1310  1345  1195  1263  1295  1246  1220  1212  1304  1287  1382  
1242  1219  1225  1235  1237  1254  1281  1245  1241  1257  1266  1285  1282  1245  1212  1236  1261  1275  1262  1250  
1272  1252  1217  1243  1258  1259  1220  1263  1235  1354  1284  1222  1193  1284  1249  1265  1258  1220  1177  1250  
1221  1234  1232  1268  1296  1226  1197  1289  1227  1263  1213  1282  1265  1248  1227  1283  1291  1284  1267  1268  
1239  1226  1209  1311  1329  1295  1219  1217  1266  1231  1204  1233  1250  1187  1319  1162  1212  1270  1229  1201  
1214  1251  1249  1243  1310  1261  1302  1154  1261  1267  1359  1315  1255  1224  1284  1200  1268  1265  1179  1223  
1229  1300  1288  1235  1272  1331  1267  1224  1257  1266  1227  1298  1253  1204  1265  1267  1237  1171  1283  1250  
1277  1252  1265  1209  1285  1159  1202  1258  1298  1302  1235  1259  1204  1291  1232  1232  1284  1277  1279  1252  
