1.19946
1246  1329  1243  1223  1267  1221  1223  1238  1244  1254  1214  1281  1220  1275  1282  1255  1271  1289  1270  1293  
1263  1188  1206  1224  1302  1225  1270  1288  1194  1207  1187  1208  1177  1262  1220  1196  1286  1246  1257  1231  
1213  1244  1290  1261  1252  1291  1243  1251  1251  1256  1257  1247  1326  1303  1252  1285  1290  1197  1199  1235  
1173  1248  1241  1232  1214  1255  1245  1234  1237  1217  1341  1288  1263  1215  1280  1193  1256  1254  1171  1232  
1205  1196  1249  1261  1309  1263  1245  1291  1250  1259  1289  1206  1268  1226  1269  1268  1247  1220  1220  1253  
1287  1253  1227  1169  1267  1233  1295  1208  1232  1306  1332  1298  1257  1248  1246  1211  1260  1235  1289  1274  
1284  1192  1273  1298  1252  1232  1265  1327  1234  1312  1234  1316  1195  1291  1230  1273  1351  1253  1262  1201  
1263  1293  1291  1278  1337  1231  1259  1283  1195  1244  1231  1271  1250  1247  1230  1233  1273  1181  1257  1285  
1250  1181  1282  1324  1244  1212  1189  1228  1238  1267  1248  1242  1253  1279  1238  1242  1257  1263  1183  1243  
1207  1198  1246  1283  1226  1265  1256  1178  1203  1297  1225  1209  1252  1269  1335  1211  1259  1241  1200  1252  
1222  1241  1249  1271  1275  1239  1315  1174  1186  1215  1265  1269  1270  1256  1275  1238  1244  1272  1253  1213  
1305  1305  1330  1228  1289  1355  1232  1236  1260  1231  1235  1227  1274  1196  1254  1223  1241  1228  1214  1295  
1193  1225  1173  1263  1187  1258  1248  1260  1202  1241  1399  1346  1272  1271  1243  1295  1228  1305  1242  1290  
1235  1256  1218  1221  1230  1299  1279  1290  1289  1250  1271  1200  1233  1239  1216  1277  1215  1253  1244  1251  
1268  1302  1195  1250  1310  1258  1269  1187  1187  1304  1250  1183  1196  1219  1286  1249  1305  1261  1255  1243  
1245  1277  1265  1169  1253  1237  1204  1291  1327  1311  1260  1219  1233  1243  1260  1339  1287  1231  1222  1237  
1304  1234  1236  1205  1173  1164  1259  1213  1247  1259  1266  1336  1264  1258  1232  1302  1262  1274  1206  1261  
1242  1321  1225  1226  1211  1241  1232  1209  1261  1249  1244  1204  1280  1266  1307  1272  1225  1243  1215  1228  
1241  1244  1204  1283  1227  1183  1260  1246  1229  1236  1203  1306  1377  1233  1225  1228  1216  1257  1190  1192  
1255  1285  1214  1283  1189  1189  1266  1251  1221  1264  1273  1249  1305  1224  1217  1213  1351  1332  1273  1244  
