1.20182
1309  1326  1244  1203  1233  1243  1254  1227  1145  1237  1211  1257  1286  1208  1200  1235  1224  1241  1236  1300  
1213  1234  1299  1213  1233  1256  1255  1245  1308  1289  1262  1243  1264  1246  1309  1284  1282  1229  1225  1263  
1170  1245  1209  1272  1299  1236  1273  1299  1230  1232  1285  1252  1225  1246  1286  1241  1273  1211  1233  1239  
1238  1230  1246  1238  1301  1250  1245  1319  1293  1270  1321  1214  1248  1280  1265  1303  1286  1159  1268  1167  
1207  1256  1267  1227  1272  1273  1361  1255  1270  1259  1235  1233  1242  1226  1243  1272  1217  1234  1256  1212  
1250  1299  1258  1280  1284  1240  1345  1257  1206  1242  1216  1279  1218  1245  1238  1212  1258  1315  1212  1181  
1252  1249  1359  1260  1233  1236  1341  1222  1259  1252  1260  1238  1251  1237  1252  1261  1276  1252  1241  1239  
1220  1217  1287  1202  1254  1174  1311  1210  1267  1272  1243  1207  1271  1256  1210  1279  1295  1298  1245  1177  
1279  1219  1209  1237  1215  1216  1290  1208  1256  1258  1262  1260  1224  1348  1236  1244  1253  1240  1301  1281  
1220  1200  1238  1287  1149  1271  1268  1229  1196  1266  1317  1249  1276  1202  1299  1172  1241  1269  1314  1220  
1249  1201  1229  1266  1274  1231  1252  1258  1283  1299  1248  1219  1264  1242  1284  1241  1221  1314  1310  1250  
1266  1263  1310  1294  1212  1237  1234  1160  1234  1254  1258  1266  1222  1299  1252  1280  1184  1346  1215  1281  
1268  1239  1162  1193  1268  1282  1289  1293  1259  1223  1244  1207  1285  1226  1261  1192  1238  1216  1307  1352  
1243  1224  1244  1216  1236  1281  1214  1266  1195  1237  1294  1325  1256  1236  1268  1284  1258  1276  1285  1260  
1249  1175  1213  1315  1276  1202  1198  1318  1264  1271  1317  1262  1254  1189  1270  1258  1212  1271  1264  1308  
1285  1247  1183  1196  1213  1194  1271  1248  1196  1184  1192  1298  1263  1247  1248  1264  1234  1190  1186  1291  
1204  1203  1201  1317  1290  1282  1189  1228  1330  1233  1264  1263  1265  1262  1251  1268  1236  1247  1206  1281  
1294  1247  1308  1256  1203  1315  1270  1265  1211  1298  1301  1222  1266  1220  1271  1167  1230  1219  1204  1286  
1229  1236  1206  1219  1324  1264  1300  1232  1205  1229  1257  1241  1258  1274  1256  1256  1293  1271  1254  1271  
1249  1260  1282  1248  1309  1339  1184  1206  1268  1292  1221  1242  1202  1338  1257  1281  1259  1282  1259  1252  
