1.19885
1207  1235  1290  1277  1239  1251  1223  1241  1255  1286  1175  1236  1235  1259  1255  1318  1275  1314  1227  1258  
1246  1280  1294  1256  1237  1243  1258  1318  1268  1267  1243  1247  1318  1217  1207  1206  1262  1227  1239  1282  
1239  1272  1220  1261  1274  1230  1247  1219  1269  1218  1263  1159  1265  1238  1201  1324  1219  1254  1265  1288  
1264  1289  1275  1290  1272  1262  1306  1208  1203  1312  1262  1230  1253  1281  1273  1301  1235  1250  1217  1230  
1201  1275  1199  1248  1205  1165  1267  1234  1328  1287  1261  1215  1269  1198  1233  1196  1310  1286  1211  1225  
1192  1270  1215  1310  1236  1220  1249  1222  1280  1232  1163  1148  1287  1249  1235  1209  1211  1293  1228  1250  
1167  1264  1284  1320  1262  1298  1274  1316  1288  1290  1159  1256  1250  1256  1261  1227  1322  1281  1206  1316  
1292  1167  1291  1309  1166  1246  1288  1204  1217  1274  1222  1239  1238  1204  1245  1261  1313  1216  1254  1277  
1279  1243  1204  1276  1263  1269  1287  1306  1179  1335  1231  1272  1259  1228  1246  1229  1243  1357  1261  1310  
1265  1276  1239  1282  1252  1285  1212  1310  1220  1221  1303  1226  1293  1226  1216  1261  1170  1301  1275  1235  
1299  1228  1216  1267  1238  1126  1250  1261  1266  1234  1267  1235  1293  1247  1267  1203  1245  1218  1184  1244  
1231  1221  1240  1248  1251  1233  1229  1237  1236  1248  1234  1304  1232  1313  1218  1257  1296  1217  1245  1277  
1237  1283  1231  1279  1199  1243  1232  1220  1205  1287  1243  1299  1224  1280  1225  1274  1208  1267  1272  1244  
1191  1234  1301  1247  1298  1231  1232  1293  1302  1281  1188  1310  1287  1279  1273  1294  1198  1283  1215  1326  
1188  1340  1159  1219  1225  1295  1190  1256  1300  1227  1196  1262  1210  1295  1232  1199  1274  1217  1174  1272  
1180  1245  1246  1223  1248  1251  1255  1253  1247  1273  1233  1254  1228  1257  1318  1257  1173  1240  1216  1266  
1252  1227  1234  1220  1194  1293  1234  1176  1168  1219  1292  1155  1217  1140  1254  1170  1259  1175  1288  1236  
1242  1232  1297  1274  1279  1258  1256  1257  1226  1216  1238  1243  1271  1241  1263  1195  1282  1248  1236  1269  
1219  1256  1239  1232  1270  1172  1275  1197  1219  1232  1305  1238  1233  1313  1266  1225  1248  1246  1348  1296  
1295  1297  1218  1304  1202  1266  1262  1288  1263  1253  1285  1287  1214  1279  1286  1233  1207  1224  1251  1209  
