1.19902
1230  1161  1238  1243  1265  1219  1227  1281  1266  1206  1282  1286  1283  1181  1256  1206  1244  1233  1201  1171  
1174  1211  1247  1283  1255  1247  1237  1285  1196  1296  1234  1270  1296  1321  1228  1304  1272  1247  1240  1295  
1244  1213  1300  1243  1197  1259  1210  1280  1262  1239  1259  1211  1267  1323  1211  1307  1310  1262  1228  1215  
1235  1244  1254  1305  1275  1267  1269  1186  1232  1158  1217  1293  1319  1252  1282  1336  1264  1247  1262  1222  
1255  1288  1275  1262  1239  1255  1282  1228  1265  1284  1252  1246  1253  1256  1254  1265  1302  1271  1215  1177  
1249  1284  1235  1241  1264  1249  1212  1281  1191  1283  1287  1212  1329  1250  1212  1166  1213  1303  1177  1274  
1263  1264  1246  1248  1196  1243  1239  1191  1292  1249  1263  1274  1140  1195  1255  1211  1356  1250  1286  1266  
1238  1298  1272  1278  1189  1227  1322  1204  1180  1232  1273  1277  1194  1192  1305  1153  1234  1209  1257  1292  
1242  1205  1233  1262  1203  1338  1247  1299  1250  1228  1249  1185  1244  1279  1316  1225  1298  1288  1173  1317  
1230  1278  1278  1196  1264  1246  1242  1250  1291  1266  1222  1168  1249  1292  1203  1172  1199  1266  1201  1141  
1253  1275  1249  1211  1245  1247  1288  1282  1219  1171  1238  1238  1238  1206  1153  1272  1210  1273  1302  1235  
1252  1281  1235  1263  1224  1170  1232  1307  1270  1255  1250  1288  1264  1224  1238  1261  1265  1238  1255  1261  
1207  1215  1231  1260  1213  1255  1304  1234  1251  1232  1228  1219  1230  1224  1295  1269  1219  1248  1284  1268  
1265  1228  1329  1228  1261  1193  1276  1303  1278  1201  1264  1142  1289  1248  1277  1271  1209  1375  1235  1271  
1263  1236  1249  1186  1254  1272  1276  1176  1289  1250  1247  1215  1213  1236  1193  1273  1253  1227  1290  1244  
1294  1260  1228  1199  1232  1258  1296  1256  1286  1161  1188  1312  1311  1226  1258  1242  1254  1242  1245  1293  
1254  1226  1284  1250  1221  1261  1232  1221  1293  1178  1242  1175  1309  1265  1273  1241  1229  1225  1282  1223  
1167  1213  1245  1290  1279  1289  1238  1313  1154  1283  1181  1212  1263  1268  1284  1193  1312  1231  1272  1313  
1280  1275  1292  1240  1200  1214  1242  1343  1293  1250  1247  1166  1246  1253  1208  1286  1284  1263  1262  1245  
1229  1185  1297  1172  1249  1278  1254  1293  1197  1267  1287  1262  1324  1235  1261  1269  1353  1274  1236  1232  
