1.19886
1249  1196  1332  1223  1273  1259  1277  1283  1267  1279  1280  1270  1252  1243  1253  1243  1259  1273  1196  1259  
1188  1236  1317  1268  1295  1272  1270  1246  1275  1250  1141  1307  1251  1286  1272  1174  1301  1268  1236  1225  
1244  1286  1255  1290  1230  1234  1193  1229  1208  1192  1230  1289  1329  1253  1204  1205  1241  1248  1231  1236  
1213  1253  1225  1240  1282  1240  1244  1289  1194  1248  1266  1213  1254  1258  1234  1310  1217  1287  1244  1225  
1299  1204  1248  1253  1252  1174  1229  1333  1290  1287  1265  1194  1315  1189  1227  1240  1237  1313  1316  1286  
1239  1314  1172  1340  1225  1259  1253  1264  1220  1236  1202  1299  1181  1215  1227  1244  1229  1267  1304  1306  
1238  1281  1193  1222  1136  1291  1276  1282  1210  1272  1199  1228  1269  1240  1200  1266  1296  1241  1358  1283  
1294  1355  1336  1226  1240  1239  1244  1264  1185  1227  1233  1263  1217  1217  1287  1273  1304  1274  1230  1218  
1243  1142  1208  1291  1292  1292  1223  1313  1232  1198  1232  1243  1262  1243  1205  1230  1231  1330  1287  1267  
1297  1297  1265  1248  1230  1286  1267  1283  1197  1249  1207  1216  1196  1252  1203  1245  1255  1265  1208  1272  
1177  1280  1290  1279  1242  1251  1195  1263  1222  1212  1244  1235  1240  1240  1222  1261  1213  1268  1228  1239  
1249  1246  1223  1237  1187  1222  1227  1215  1237  1269  1261  1291  1224  1232  1244  1238  1212  1293  1222  1218  
1327  1210  1144  1278  1212  1246  1248  1221  1290  1278  1216  1270  1255  1340  1168  1219  1289  1252  1291  1292  
1245  1276  1275  1246  1256  1288  1265  1256  1317  1232  1231  1185  1298  1223  1195  1258  1274  1231  1262  1257  
1236  1282  1229  1232  1213  1131  1204  1277  1295  1250  1260  1240  1270  1246  1224  1185  1303  1286  1191  1252  
1212  1313  1234  1120  1292  1249  1255  1267  1230  1216  1254  1249  1198  1243  1219  1186  1282  1293  1204  1244  
1252  1237  1244  1217  1306  1253  1251  1200  1257  1210  1215  1240  1254  1212  1286  1246  1257  1262  1314  1229  
1234  1304  1188  1275  1225  1209  1274  1300  1258  1224  1215  1285  1365  1294  1254  1231  1314  1216  1212  1278  
1247  1202  1245  1313  1287  1277  1241  1227  1274  1209  1321  1245  1262  1269  1279  1231  1256  1227  1259  1245  
1241  1268  1229  1303  1270  1264  1307  1291  1197  1224  1244  1269  1338  1262  1284  1222  1247  1289  1310  1263  
