1.19861
1231  1188  1212  1288  1274  1234  1274  1213  1247  1301  1209  1297  1256  1165  1236  1184  1304  1248  1350  1216  
1284  1221  1259  1331  1276  1164  1216  1267  1213  1234  1229  1215  1174  1252  1279  1273  1226  1203  1205  1281  
1248  1160  1277  1249  1221  1317  1201  1270  1210  1255  1275  1200  1297  1278  1224  1238  1270  1252  1259  1232  
1307  1217  1290  1220  1278  1254  1232  1239  1248  1243  1290  1285  1180  1260  1208  1266  1274  1213  1236  1242  
1225  1177  1301  1309  1156  1226  1256  1279  1230  1219  1233  1285  1241  1244  1276  1280  1254  1262  1253  1153  
1250  1302  1242  1308  1220  1295  1336  1208  1315  1224  1295  1215  1256  1218  1219  1163  1213  1300  1246  1218  
1198  1245  1249  1184  1192  1208  1328  1261  1265  1291  1232  1294  1213  1228  1298  1155  1290  1227  1221  1222  
1266  1267  1172  1313  1230  1248  1204  1192  1252  1258  1291  1227  1185  1217  1275  1236  1268  1240  1168  1251  
1208  1293  1208  1206  1337  1198  1250  1250  1320  1223  1215  1249  1287  1259  1191  1222  1273  1272  1167  1269  
1286  1178  1297  1199  1335  1282  1183  1321  1249  1280  1245  1304  1281  1196  1227  1145  1258  1236  1253  1324  
1236  1236  1281  1181  1223  1204  1264  1249  1249  1267  1183  1339  1241  1301  1230  1279  1230  1218  1295  1247  
1252  1210  1319  1240  1200  1202  1286  1256  1257  1230  1191  1242  1281  1213  1179  1239  1267  1263  1272  1297  
1230  1258  1256  1262  1221  1298  1330  1256  1235  1237  1269  1273  1240  1117  1204  1207  1289  1217  1217  1230  
1285  1326  1206  1270  1233  1255  1289  1287  1235  1308  1278  1287  1234  1252  1284  1360  1202  1267  1176  1344  
1273  1205  1238  1275  1330  1227  1217  1236  1215  1240  1230  1262  1235  1252  1339  1218  1249  1261  1241  1247  
1285  1207  1227  1243  1206  1218  1241  1303  1236  1317  1220  1258  1215  1234  1220  1185  1342  1205  1249  1228  
1238  1297  1241  1279  1237  1168  1199  1236  1272  1221  1269  1309  1269  1234  1270  1255  1234  1230  1249  1202  
1259  1219  1262  1340  1271  1342  1243  1256  1282  1204  1227  1248  1213  1293  1299  1226  1230  1256  1303  1238  
1312  1246  1262  1306  1216  1245  1294  1288  1258  1197  1226  1254  1283  1254  1319  1294  1278  1263  1302  1289  
1205  1294  1272  1169  1250  1262  1297  1296  1262  1256  1211  1233  1318  1245  1273  1305  1250  1240  1183  1290  
