1.19848
1189  1228  1283  1224  1285  1216  1229  1218  1297  1236  1223  1236  1293  1330  1213  1198  1194  1207  1229  1283  
1268  1241  1267  1210  1237  1314  1202  1212  1222  1271  1214  1280  1158  1247  1218  1184  1235  1210  1201  1284  
1228  1236  1222  1263  1270  1165  1259  1240  1221  1229  1229  1333  1311  1236  1180  1275  1242  1309  1266  1211  
1255  1273  1243  1251  1262  1273  1239  1303  1289  1223  1284  1251  1286  1226  1191  1297  1223  1244  1160  1287  
1253  1201  1282  1168  1245  1291  1260  1294  1258  1320  1192  1272  1225  1294  1232  1220  1279  1219  1275  1249  
1231  1214  1242  1205  1256  1253  1201  1306  1242  1247  1260  1290  1313  1232  1259  1223  1237  1207  1272  1192  
1283  1256  1270  1244  1272  1270  1237  1301  1277  1232  1237  1300  1178  1212  1195  1269  1274  1263  1271  1262  
1224  1223  1270  1203  1237  1274  1222  1255  1288  1286  1305  1221  1220  1206  1231  1255  1236  1217  1222  1211  
1173  1297  1263  1204  1242  1333  1268  1290  1218  1230  1250  1170  1149  1234  1237  1252  1290  1276  1304  1210  
1238  1266  1208  1216  1242  1312  1261  1203  1245  1204  1199  1213  1317  1197  1218  1249  1206  1290  1247  1310  
1254  1314  1247  1135  1255  1179  1284  1247  1237  1210  1247  1261  1314  1265  1253  1234  1293  1250  1195  1287  
1176  1163  1201  1291  1291  1228  1305  1213  1285  1317  1286  1181  1265  1291  1304  1187  1167  1294  1325  1261  
1257  1162  1273  1238  1267  1216  1256  1238  1262  1146  1232  1282  1242  1269  1223  1207  1246  1259  1253  1182  
1266  1197  1253  1325  1301  1273  1265  1223  1239  1194  1242  1245  1255  1282  1249  1238  1288  1223  1272  1274  
1251  1283  1196  1245  1258  1278  1241  1339  1177  1266  1192  1214  1231  1263  1209  1172  1230  1192  1267  1280  
1242  1269  1271  1263  1185  1285  1381  1220  1217  1257  1351  1218  1333  1307  1250  1324  1285  1272  1291  1286  
1235  1226  1295  1263  1291  1226  1197  1251  1262  1230  1241  1267  1255  1260  1211  1244  1267  1202  1268  1261  
1248  1293  1324  1308  1264  1187  1213  1218  1273  1243  1264  1262  1245  1250  1197  1223  1286  1264  1265  1221  
1312  1243  1281  1279  1297  1245  1269  1236  1271  1296  1256  1187  1288  1270  1235  1255  1257  1283  1238  1255  
1254  1260  1230  1269  1231  1226  1197  1249  1258  1290  1233  1257  1248  1248  1261  1273  1262  1310  1271  1250  
