1.19935
1303  1206  1181  1216  1277  1243  1280  1253  1236  1237  1290  1284  1266  1291  1281  1288  1227  1252  1267  1270  
1253  1222  1266  1232  1294  1274  1223  1327  1164  1299  1238  1272  1263  1254  1268  1287  1223  1231  1246  1226  
1178  1256  1197  1272  1266  1171  1282  1262  1344  1237  1258  1281  1240  1307  1274  1269  1199  1282  1259  1247  
1272  1249  1284  1211  1186  1259  1212  1297  1222  1237  1199  1211  1219  1277  1190  1290  1252  1226  1296  1203  
1248  1194  1231  1310  1264  1214  1247  1195  1266  1271  1208  1246  1210  1271  1247  1258  1168  1239  1260  1242  
1216  1171  1230  1221  1214  1255  1271  1193  1299  1255  1233  1243  1220  1279  1135  1225  1213  1189  1258  1252  
1242  1199  1255  1298  1268  1293  1326  1281  1197  1195  1241  1264  1219  1217  1291  1230  1326  1256  1214  1287  
1261  1283  1236  1255  1154  1261  1287  1224  1241  1252  1229  1218  1260  1265  1191  1299  1236  1249  1263  1245  
1223  1230  1229  1256  1183  1239  1279  1296  1327  1193  1229  1283  1263  1219  1225  1289  1303  1263  1261  1204  
1277  1331  1301  1244  1295  1262  1219  1268  1248  1248  1243  1266  1200  1289  1319  1247  1207  1257  1183  1222  
1340  1234  1252  1297  1249  1280  1297  1254  1280  1259  1178  1212  1215  1207  1222  1273  1269  1314  1294  1265  
1151  1254  1323  1210  1294  1252  1245  1156  1304  1192  1233  1235  1198  1276  1308  1235  1290  1296  1295  1288  
1203  1196  1327  1237  1229  1228  1273  1284  1194  1355  1182  1340  1279  1269  1305  1282  1255  1280  1279  1349  
1222  1272  1249  1194  1240  1298  1306  1226  1174  1216  1260  1254  1269  1313  1238  1212  1250  1301  1226  1273  
1293  1257  1234  1337  1215  1265  1249  1207  1215  1174  1281  1284  1238  1240  1202  1239  1267  1277  1258  1326  
1253  1231  1206  1269  1255  1255  1195  1198  1268  1202  1290  1232  1300  1224  1222  1228  1217  1283  1221  1217  
1241  1202  1246  1268  1261  1211  1233  1204  1291  1230  1216  1215  1206  1235  1214  1292  1190  1270  1167  1283  
1222  1223  1281  1210  1197  1259  1220  1180  1237  1245  1226  1253  1236  1217  1229  1245  1269  1269  1342  1225  
1250  1300  1258  1248  1229  1222  1310  1243  1284  1261  1322  1311  1244  1233  1287  1276  1305  1256  1217  1253  
1199  1300  1324  1232  1261  1209  1254  1254  1241  1256  1274  1288  1177  1294  1244  1175  1264  1238  1205  1310  
