1.19922
1248  1209  1232  1266  1334  1266  1286  1237  1205  1268  1298  1268  1242  1324  1215  1244  1250  1298  1232  1263  
1235  1307  1250  1289  1283  1288  1264  1255  1209  1309  1223  1220  1334  1278  1258  1386  1264  1256  1267  1206  
1246  1285  1229  1294  1282  1199  1259  1257  1291  1197  1239  1277  1268  1211  1180  1225  1229  1268  1241  1276  
1220  1222  1251  1213  1261  1214  1325  1334  1290  1250  1255  1287  1247  1286  1309  1221  1274  1226  1149  1325  
1252  1196  1249  1222  1278  1199  1298  1197  1281  1263  1286  1303  1221  1219  1192  1208  1195  1238  1272  1255  
1278  1315  1198  1210  1228  1244  1253  1240  1237  1209  1371  1232  1237  1236  1245  1296  1279  1291  1222  1273  
1276  1281  1197  1259  1271  1263  1198  1298  1289  1238  1330  1294  1270  1280  1227  1284  1313  1270  1283  1197  
1238  1222  1251  1199  1284  1199  1252  1275  1263  1260  1221  1237  1349  1344  1317  1251  1235  1260  1200  1298  
1241  1276  1217  1264  1252  1159  1265  1202  1273  1211  1320  1304  1272  1278  1158  1263  1272  1312  1250  1274  
1247  1257  1176  1242  1212  1217  1255  1249  1217  1237  1222  1218  1183  1190  1263  1271  1197  1269  1291  1232  
1263  1223  1237  1275  1270  1272  1278  1223  1347  1225  1223  1244  1189  1227  1244  1279  1191  1255  1244  1277  
1244  1263  1285  1214  1361  1251  1309  1242  1198  1209  1285  1255  1230  1208  1188  1261  1272  1202  1197  1257  
1265  1221  1211  1188  1268  1242  1261  1241  1242  1216  1243  1233  1178  1220  1261  1298  1224  1258  1236  1265  
1263  1238  1262  1285  1236  1285  1229  1221  1221  1239  1326  1256  1203  1181  1244  1290  1234  1197  1217  1177  
1292  1270  1212  1198  1279  1240  1257  1293  1257  1197  1252  1262  1291  1234  1297  1241  1194  1194  1210  1309  
1307  1252  1235  1229  1298  1263  1217  1232  1247  1206  1235  1295  1252  1293  1258  1236  1295  1271  1197  1234  
1296  1280  1286  1236  1230  1241  1238  1250  1190  1194  1239  1218  1209  1229  1254  1285  1266  1232  1313  1284  
1198  1189  1221  1230  1214  1226  1200  1255  1315  1215  1201  1253  1268  1238  1303  1237  1231  1252  1286  1281  
1248  1191  1242  1169  1223  1187  1225  1224  1241  1218  1175  1208  1242  1278  1232  1195  1197  1277  1251  1225  
1251  1257  1237  1220  1244  1238  1228  1201  1201  1195  1253  1206  1215  1303  1250  1270  1299  1234  1260  1184  
