1.20151
1260  1259  1267  1221  1226  1264  1232  1206  1231  1311  1218  1263  1263  1246  1190  1221  1252  1261  1220  1262  
1219  1276  1246  1273  1348  1181  1292  1206  1222  1226  1222  1260  1275  1166  1243  1240  1261  1243  1204  1298  
1279  1301  1255  1249  1292  1311  1277  1293  1239  1259  1226  1167  1242  1284  1300  1287  1209  1243  1260  1314  
1224  1283  1213  1138  1241  1284  1244  1229  1222  1224  1180  1356  1268  1367  1261  1277  1218  1262  1250  1220  
1248  1229  1307  1258  1349  1247  1223  1240  1306  1254  1283  1257  1216  1272  1243  1365  1240  1270  1280  1231  
1231  1261  1247  1267  1288  1246  1312  1276  1259  1252  1234  1206  1183  1249  1219  1202  1222  1245  1191  1259  
1130  1175  1244  1337  1294  1233  1258  1295  1215  1278  1312  1205  1275  1268  1216  1259  1203  1211  1239  1284  
1301  1229  1229  1205  1200  1219  1272  1199  1261  1258  1201  1208  1226  1269  1221  1353  1306  1282  1261  1272  
1265  1246  1196  1184  1242  1147  1279  1212  1306  1221  1209  1285  1276  1270  1278  1293  1238  1290  1241  1325  
1259  1230  1264  1255  1250  1244  1157  1267  1260  1257  1263  1178  1273  1341  1206  1203  1250  1289  1234  1228  
1292  1269  1243  1299  1221  1248  1200  1259  1280  1237  1268  1265  1193  1236  1271  1249  1278  1310  1231  1182  
1266  1301  1270  1270  1254  1261  1235  1236  1217  1261  1248  1246  1266  1218  1303  1224  1274  1284  1276  1218  
1238  1225  1301  1234  1259  1221  1269  1223  1211  1354  1280  1226  1198  1288  1272  1229  1247  1182  1304  1319  
1290  1262  1293  1285  1265  1311  1282  1221  1241  1237  1200  1258  1219  1248  1336  1208  1278  1214  1266  1325  
1138  1373  1241  1205  1210  1248  1244  1286  1297  1304  1242  1210  1260  1230  1160  1249  1331  1282  1244  1268  
1267  1277  1231  1310  1228  1288  1239  1229  1221  1230  1251  1294  1287  1253  1276  1313  1272  1262  1254  1236  
1277  1201  1245  1327  1247  1220  1223  1203  1275  1304  1211  1265  1270  1265  1286  1202  1235  1334  1202  1174  
1141  1268  1288  1330  1222  1247  1323  1208  1272  1235  1260  1279  1211  1217  1279  1244  1264  1241  1267  1307  
1281  1254  1208  1190  1182  1292  1204  1297  1263  1248  1307  1264  1175  1232  1261  1182  1299  1197  1226  1164  
1250  1275  1269  1220  1273  1201  1222  1281  1346  1253  1223  1273  1251  1299  1232  1226  1236  1213  1292  1228  
