1.19927
1294  1289  1286  1270  1261  1254  1232  1258  1254  1161  1246  1254  1194  1223  1213  1239  1299  1195  1174  1172  
1180  1321  1216  1269  1226  1223  1233  1281  1253  1326  1274  1283  1193  1251  1162  1289  1210  1247  1222  1306  
1235  1243  1223  1257  1221  1310  1182  1277  1292  1203  1236  1252  1304  1296  1216  1277  1304  1259  1206  1247  
1240  1284  1219  1259  1297  1300  1280  1313  1230  1283  1252  1219  1204  1265  1225  1320  1257  1297  1268  1226  
1238  1299  1261  1242  1261  1192  1317  1229  1158  1230  1245  1280  1240  1281  1240  1231  1289  1250  1289  1208  
1258  1238  1221  1179  1324  1274  1154  1260  1307  1245  1241  1190  1242  1246  1226  1323  1231  1234  1233  1233  
1200  1197  1264  1301  1237  1233  1299  1226  1247  1218  1229  1283  1271  1266  1347  1232  1245  1257  1225  1260  
1274  1277  1259  1228  1241  1252  1393  1240  1250  1257  1229  1272  1267  1242  1206  1326  1194  1301  1232  1290  
1271  1233  1200  1186  1198  1255  1284  1223  1281  1260  1247  1222  1214  1260  1264  1234  1280  1321  1265  1310  
1254  1277  1261  1284  1243  1223  1248  1342  1304  1231  1268  1178  1257  1237  1169  1285  1289  1223  1258  1225  
1248  1214  1292  1167  1254  1278  1243  1228  1269  1223  1316  1217  1264  1191  1208  1228  1293  1247  1358  1186  
1251  1276  1239  1234  1246  1259  1283  1249  1252  1241  1256  1293  1236  1215  1239  1226  1215  1246  1230  1248  
1213  1244  1242  1215  1218  1203  1264  1293  1187  1184  1190  1237  1240  1270  1301  1235  1208  1177  1250  1204  
1290  1249  1247  1224  1233  1220  1230  1208  1206  1251  1129  1262  1223  1196  1220  1211  1296  1300  1220  1265  
1272  1289  1293  1270  1307  1310  1249  1239  1290  1242  1236  1282  1284  1281  1212  1250  1217  1253  1301  1165  
1263  1234  1208  1291  1237  1262  1309  1279  1302  1232  1264  1215  1260  1246  1271  1268  1223  1325  1229  1193  
1264  1320  1268  1176  1203  1171  1259  1317  1268  1253  1307  1224  1255  1289  1298  1244  1243  1252  1311  1222  
1260  1283  1243  1264  1234  1283  1258  1173  1241  1276  1241  1198  1306  1196  1237  1247  1242  1277  1220  1214  
1192  1262  1235  1285  1273  1256  1273  1248  1247  1218  1248  1271  1284  1307  1267  1270  1251  1243  1276  1216  
1272  1284  1206  1224  1273  1229  1202  1248  1274  1228  1275  1286  1256  1239  1248  1284  1228  1248  1291  1288  
