1.19987
1223  1188  1231  1236  1260  1316  1225  1345  1210  1199  1291  1310  1267  1201  1280  1264  1245  1251  1286  1293  
1310  1214  1219  1263  1342  1210  1259  1281  1289  1235  1180  1299  1228  1267  1228  1213  1238  1235  1218  1232  
1221  1141  1280  1213  1232  1267  1251  1285  1290  1290  1223  1239  1179  1263  1231  1295  1322  1320  1281  1267  
1273  1247  1200  1315  1230  1246  1284  1293  1243  1297  1271  1270  1353  1160  1280  1269  1243  1194  1262  1211  
1225  1272  1196  1243  1248  1289  1202  1317  1280  1208  1319  1254  1316  1258  1225  1186  1240  1264  1308  1256  
1263  1252  1280  1237  1292  1247  1191  1251  1272  1212  1317  1179  1230  1201  1213  1300  1214  1236  1297  1245  
1276  1248  1265  1252  1244  1246  1224  1265  1193  1274  1246  1231  1261  1310  1236  1229  1289  1216  1227  1246  
1275  1247  1195  1200  1233  1274  1207  1279  1273  1218  1199  1173  1293  1274  1254  1299  1297  1224  1235  1244  
1283  1209  1194  1266  1274  1296  1306  1242  1258  1216  1227  1213  1307  1287  1248  1254  1330  1238  1265  1209  
1209  1264  1283  1237  1223  1244  1249  1177  1224  1247  1234  1299  1217  1287  1196  1164  1298  1260  1223  1227  
1229  1211  1222  1229  1211  1248  1264  1235  1275  1210  1305  1287  1246  1203  1240  1275  1279  1237  1259  1227  
1254  1244  1257  1203  1231  1209  1222  1247  1294  1214  1194  1246  1246  1159  1212  1216  1216  1235  1339  1298  
1226  1244  1267  1259  1223  1207  1318  1284  1253  1301  1241  1201  1243  1208  1182  1269  1290  1255  1246  1251  
1241  1282  1164  1269  1301  1207  1293  1239  1212  1191  1257  1229  1252  1264  1259  1250  1260  1216  1272  1247  
1228  1257  1212  1311  1203  1271  1265  1287  1244  1297  1184  1230  1256  1271  1265  1230  1316  1260  1303  1308  
1227  1266  1311  1276  1189  1259  1263  1231  1281  1188  1230  1233  1250  1188  1188  1211  1170  1244  1238  1255  
1195  1260  1247  1206  1263  1267  1202  1268  1175  1267  1266  1320  1227  1228  1197  1296  1238  1237  1201  1222  
1272  1253  1251  1259  1218  1290  1252  1307  1306  1277  1227  1273  1266  1272  1232  1195  1220  1235  1197  1278  
1259  1233  1357  1270  1295  1216  1284  1262  1250  1248  1343  1271  1288  1214  1233  1268  1240  1300  1298  1280  
1232  1224  1228  1269  1211  1247  1268  1345  1261  1194  1252  1233  1217  1287  1197  1279  1216  1306  1232  1182  
