1.20013
1288  1233  1293  1225  1272  1274  1226  1308  1174  1262  1207  1240  1202  1215  1264  1198  1249  1295  1286  1244  
1342  1175  1232  1335  1243  1284  1228  1244  1246  1276  1252  1296  1213  1244  1203  1265  1281  1248  1269  1243  
1275  1261  1247  1213  1312  1213  1256  1297  1253  1365  1249  1280  1255  1257  1259  1286  1261  1225  1198  1252  
1300  1314  1354  1279  1302  1244  1306  1262  1313  1226  1290  1160  1288  1313  1201  1225  1241  1300  1272  1300  
1240  1228  1171  1259  1242  1240  1235  1206  1327  1262  1160  1229  1221  1289  1242  1304  1246  1213  1252  1201  
1243  1233  1287  1201  1207  1182  1234  1307  1230  1321  1202  1215  1240  1229  1205  1312  1283  1252  1265  1281  
1294  1291  1314  1201  1256  1300  1232  1277  1250  1268  1209  1316  1207  1301  1263  1179  1252  1191  1250  1248  
1245  1227  1234  1240  1217  1361  1248  1268  1296  1174  1236  1279  1237  1254  1284  1268  1274  1212  1271  1219  
1239  1264  1208  1273  1261  1291  1325  1270  1313  1250  1222  1117  1267  1242  1213  1336  1268  1226  1226  1206  
1212  1278  1258  1315  1235  1256  1231  1210  1210  1256  1278  1258  1182  1236  1291  1204  1195  1212  1236  1271  
1276  1231  1290  1293  1262  1263  1281  1235  1200  1256  1245  1222  1269  1209  1235  1141  1194  1235  1271  1254  
1229  1252  1256  1293  1245  1303  1217  1230  1227  1335  1201  1277  1217  1268  1253  1320  1239  1263  1252  1286  
1272  1226  1355  1217  1237  1251  1205  1204  1280  1222  1277  1248  1231  1224  1286  1243  1251  1262  1221  1241  
1271  1243  1241  1226  1307  1187  1258  1163  1307  1289  1273  1224  1230  1282  1204  1249  1225  1314  1227  1248  
1213  1251  1200  1148  1314  1250  1219  1272  1190  1200  1181  1262  1262  1311  1239  1285  1269  1215  1221  1214  
1313  1263  1269  1271  1230  1241  1254  1251  1222  1190  1301  1203  1203  1184  1179  1251  1285  1257  1326  1275  
1241  1196  1323  1290  1326  1283  1219  1279  1271  1240  1237  1258  1304  1232  1279  1243  1216  1215  1233  1254  
1274  1225  1265  1244  1312  1258  1186  1222  1217  1233  1246  1207  1233  1215  1244  1255  1301  1228  1197  1174  
1227  1214  1266  1247  1224  1263  1269  1268  1196  1248  1212  1208  1302  1233  1258  1284  1230  1245  1242  1195  
1257  1315  1295  1249  1222  1247  1307  1267  1217  1191  1287  1221  1229  1221  1294  1220  1262  1257  1226  1320  
