1.1978
1217  1219  1241  1256  1225  1297  1243  1272  1275  1235  1263  1189  1250  1302  1205  1202  1272  1250  1337  1188  
1243  1177  1153  1286  1229  1245  1300  1203  1226  1275  1180  1239  1256  1328  1203  1282  1257  1295  1289  1306  
1336  1269  1244  1232  1247  1291  1280  1254  1222  1235  1224  1273  1185  1201  1294  1171  1218  1200  1234  1252  
1256  1192  1195  1265  1248  1190  1182  1285  1266  1235  1272  1197  1230  1252  1198  1261  1266  1348  1291  1242  
1215  1290  1282  1271  1255  1284  1265  1218  1290  1295  1273  1250  1246  1209  1196  1209  1300  1283  1279  1261  
1222  1207  1255  1297  1248  1159  1185  1204  1170  1285  1261  1241  1254  1337  1338  1260  1279  1180  1280  1215  
1271  1220  1260  1282  1317  1172  1227  1231  1247  1265  1217  1268  1259  1286  1212  1267  1324  1229  1243  1187  
1251  1299  1296  1240  1282  1275  1289  1274  1173  1279  1314  1206  1188  1256  1234  1225  1274  1240  1276  1247  
1194  1273  1276  1225  1229  1244  1257  1230  1235  1151  1281  1212  1323  1252  1280  1278  1217  1230  1224  1214  
1255  1246  1268  1280  1247  1274  1291  1266  1217  1270  1228  1226  1177  1323  1248  1281  1215  1193  1265  1206  
1219  1252  1271  1302  1226  1288  1277  1200  1291  1293  1148  1237  1282  1243  1222  1201  1221  1284  1344  1223  
1248  1280  1256  1212  1249  1199  1249  1293  1262  1208  1252  1213  1236  1257  1240  1215  1198  1274  1190  1260  
1266  1199  1266  1177  1317  1237  1331  1258  1295  1296  1302  1214  1249  1245  1226  1233  1215  1250  1218  1297  
1197  1280  1257  1205  1304  1184  1249  1188  1248  1192  1270  1251  1180  1229  1215  1237  1333  1251  1270  1244  
1239  1233  1232  1252  1232  1200  1219  1210  1201  1292  1291  1280  1253  1302  1176  1236  1244  1261  1222  1204  
1206  1230  1253  1244  1249  1299  1224  1243  1271  1261  1236  1261  1255  1200  1235  1263  1282  1211  1283  1256  
1241  1239  1213  1211  1192  1256  1280  1288  1239  1293  1188  1190  1250  1255  1246  1240  1253  1225  1192  1343  
1238  1241  1263  1214  1225  1228  1231  1275  1205  1237  1267  1194  1216  1227  1271  1227  1236  1227  1262  1177  
1252  1221  1302  1245  1285  1294  1205  1235  1243  1281  1256  1223  1256  1293  1226  1211  1199  1231  1221  1303  
1251  1202  1283  1249  1231  1281  1329  1257  1240  1292  1224  1238  1254  1241  1201  1346  1278  1280  1233  1278  
