1.20145
1321  1256  1247  1198  1223  1290  1167  1159  1222  1231  1263  1228  1262  1300  1339  1213  1320  1218  1222  1249  
1264  1234  1272  1244  1177  1225  1221  1201  1216  1213  1268  1301  1212  1319  1228  1318  1260  1213  1207  1198  
1286  1274  1229  1295  1291  1271  1184  1339  1242  1228  1207  1249  1286  1284  1308  1273  1218  1268  1174  1212  
1188  1251  1275  1249  1262  1231  1251  1261  1269  1219  1261  1286  1220  1254  1314  1293  1256  1220  1229  1331  
1262  1193  1180  1210  1318  1267  1207  1216  1252  1263  1242  1284  1285  1234  1235  1234  1274  1249  1230  1201  
1193  1302  1273  1256  1285  1318  1276  1317  1262  1268  1329  1222  1249  1261  1289  1236  1215  1230  1308  1260  
1269  1223  1325  1224  1289  1230  1255  1219  1281  1241  1252  1253  1207  1272  1272  1250  1279  1250  1309  1326  
1307  1200  1207  1321  1235  1291  1308  1194  1252  1217  1250  1291  1163  1336  1270  1182  1225  1252  1257  1206  
1277  1244  1264  1258  1220  1215  1184  1243  1292  1233  1266  1215  1239  1287  1235  1268  1289  1209  1243  1249  
1324  1167  1307  1190  1245  1223  1257  1276  1305  1236  1304  1261  1225  1203  1285  1301  1259  1233  1267  1219  
1268  1278  1228  1202  1266  1284  1297  1232  1223  1227  1207  1283  1292  1209  1192  1261  1312  1221  1257  1278  
1155  1269  1286  1256  1229  1230  1253  1241  1210  1228  1207  1243  1227  1234  1339  1208  1277  1292  1227  1188  
1248  1267  1217  1275  1246  1331  1261  1219  1238  1183  1277  1238  1239  1272  1240  1305  1302  1253  1244  1274  
1226  1241  1288  1327  1222  1250  1291  1227  1267  1251  1336  1230  1277  1246  1243  1276  1258  1219  1299  1276  
1264  1253  1292  1276  1193  1216  1255  1271  1313  1309  1190  1325  1292  1361  1258  1268  1225  1294  1242  1250  
1251  1258  1273  1276  1245  1263  1207  1236  1250  1271  1266  1236  1291  1236  1279  1226  1267  1203  1271  1234  
1216  1208  1221  1259  1289  1209  1291  1281  1268  1257  1323  1230  1241  1186  1245  1237  1231  1219  1285  1245  
1257  1288  1308  1223  1296  1278  1292  1264  1234  1251  1237  1200  1281  1192  1250  1254  1261  1189  1216  1269  
1282  1294  1230  1233  1245  1241  1194  1201  1273  1216  1268  1216  1206  1233  1237  1201  1192  1250  1195  1263  
1156  1247  1298  1231  1262  1287  1189  1290  1280  1216  1244  1222  1246  1245  1229  1267  1199  1214  1237  1212  
