1.20363
1168  1278  1260  1250  1225  1258  1215  1204  1237  1231  1297  1295  1278  1272  1237  1259  1209  1252  1300  1210  
1269  1248  1284  1244  1305  1267  1283  1249  1222  1264  1316  1227  1265  1238  1236  1271  1232  1195  1311  1238  
1245  1340  1254  1276  1246  1273  1332  1239  1265  1260  1227  1276  1196  1193  1260  1237  1212  1291  1226  1295  
1270  1239  1274  1264  1230  1133  1311  1318  1266  1273  1251  1302  1222  1321  1258  1283  1228  1214  1243  1257  
1269  1283  1207  1232  1277  1176  1280  1228  1267  1290  1215  1236  1313  1187  1260  1217  1267  1286  1225  1215  
1241  1296  1249  1252  1159  1204  1273  1249  1264  1250  1179  1237  1278  1210  1264  1284  1288  1227  1240  1222  
1205  1286  1304  1236  1275  1252  1320  1235  1267  1303  1255  1251  1239  1260  1258  1248  1243  1264  1231  1186  
1200  1234  1294  1222  1243  1169  1215  1190  1170  1259  1244  1224  1322  1218  1214  1234  1244  1230  1232  1244  
1253  1305  1275  1225  1238  1219  1259  1267  1292  1232  1321  1178  1242  1202  1284  1224  1248  1317  1269  1236  
1225  1274  1283  1262  1268  1259  1272  1254  1264  1224  1213  1223  1243  1265  1278  1281  1242  1244  1250  1292  
1267  1280  1264  1229  1255  1250  1245  1233  1288  1230  1298  1153  1200  1197  1171  1334  1277  1186  1259  1192  
1249  1304  1290  1195  1305  1282  1315  1230  1247  1267  1201  1213  1252  1245  1293  1150  1202  1262  1269  1251  
1188  1234  1218  1243  1181  1214  1259  1201  1251  1294  1302  1266  1282  1242  1310  1196  1204  1282  1246  1284  
1283  1244  1271  1261  1250  1260  1283  1245  1208  1281  1265  1295  1317  1196  1262  1224  1326  1199  1299  1229  
1282  1276  1234  1298  1255  1325  1292  1284  1316  1307  1224  1297  1247  1227  1276  1212  1264  1317  1286  1247  
1317  1262  1294  1217  1258  1336  1268  1271  1253  1175  1297  1240  1271  1270  1270  1262  1255  1226  1283  1268  
1269  1246  1241  1252  1227  1208  1247  1302  1255  1205  1195  1253  1258  1217  1190  1260  1299  1273  1199  1302  
1247  1268  1219  1235  1167  1237  1219  1232  1254  1269  1308  1233  1262  1240  1232  1203  1280  1327  1234  1204  
1136  1240  1252  1278  1273  1309  1300  1270  1291  1226  1229  1223  1208  1275  1285  1311  1184  1226  1281  1265  
1256  1267  1275  1254  1267  1291  1206  1357  1240  1223  1264  1229  1290  1302  1183  1236  1262  1266  1317  1203  
