1.19973
1213  1228  1254  1276  1289  1336  1195  1258  1270  1238  1284  1230  1244  1230  1303  1239  1232  1225  1203  1199  
1238  1252  1309  1185  1309  1199  1292  1224  1313  1215  1231  1225  1273  1208  1281  1299  1240  1243  1257  1254  
1268  1263  1237  1275  1217  1268  1208  1222  1207  1255  1244  1239  1385  1312  1210  1251  1284  1253  1200  1263  
1283  1241  1188  1341  1275  1287  1199  1259  1230  1247  1239  1292  1267  1187  1254  1273  1200  1242  1187  1239  
1301  1218  1192  1261  1309  1285  1211  1248  1250  1209  1249  1236  1267  1233  1296  1278  1309  1291  1232  1262  
1286  1273  1234  1325  1252  1301  1253  1315  1188  1238  1232  1221  1223  1165  1239  1199  1230  1256  1205  1299  
1241  1254  1243  1258  1261  1252  1195  1308  1240  1212  1206  1228  1312  1346  1305  1266  1235  1262  1227  1259  
1209  1294  1229  1287  1226  1234  1276  1206  1187  1180  1251  1256  1220  1321  1235  1252  1186  1217  1234  1256  
1210  1203  1189  1226  1245  1216  1250  1281  1262  1253  1267  1312  1268  1169  1260  1308  1248  1223  1267  1330  
1236  1288  1207  1240  1256  1224  1281  1268  1237  1252  1298  1280  1270  1173  1212  1236  1242  1274  1284  1289  
1253  1260  1235  1267  1200  1238  1250  1260  1226  1266  1229  1244  1237  1229  1241  1258  1271  1266  1230  1173  
1284  1199  1262  1223  1250  1223  1263  1239  1294  1252  1240  1319  1211  1227  1292  1227  1287  1237  1237  1241  
1187  1281  1272  1205  1275  1244  1202  1292  1275  1245  1233  1222  1268  1194  1280  1245  1210  1195  1243  1201  
1310  1257  1273  1251  1220  1212  1202  1213  1211  1236  1232  1212  1203  1284  1289  1229  1261  1173  1224  1204  
1221  1290  1294  1281  1261  1231  1287  1256  1297  1304  1336  1287  1296  1288  1244  1213  1238  1263  1309  1258  
1304  1249  1331  1231  1214  1267  1271  1263  1257  1246  1226  1310  1245  1263  1215  1229  1232  1291  1245  1283  
1272  1297  1318  1209  1213  1255  1207  1228  1237  1258  1240  1210  1188  1214  1226  1271  1290  1257  1193  1225  
1302  1295  1209  1181  1282  1266  1280  1268  1308  1261  1148  1268  1264  1199  1226  1251  1258  1239  1269  1295  
1181  1299  1233  1253  1268  1261  1273  1262  1275  1284  1262  1298  1194  1232  1185  1273  1274  1268  1251  1295  
1282  1271  1245  1260  1226  1289  1266  1223  1213  1328  1211  1310  1207  1288  1222  1250  1286  1269  1212  1250  
