1.20201
1248  1213  1240  1283  1266  1237  1229  1197  1346  1249  1273  1314  1291  1206  1277  1331  1232  1285  1189  1159  
1222  1262  1209  1215  1226  1250  1278  1283  1257  1237  1221  1241  1283  1315  1298  1213  1254  1228  1270  1275  
1212  1238  1212  1324  1319  1226  1220  1348  1256  1260  1259  1198  1240  1259  1270  1288  1290  1251  1235  1216  
1269  1309  1228  1256  1199  1258  1344  1206  1221  1313  1348  1285  1202  1246  1315  1277  1177  1293  1332  1248  
1167  1258  1281  1187  1252  1190  1328  1247  1322  1233  1272  1257  1316  1232  1127  1278  1250  1248  1249  1227  
1290  1246  1278  1239  1173  1278  1244  1307  1279  1265  1256  1253  1250  1250  1288  1290  1246  1318  1225  1205  
1245  1315  1244  1315  1227  1318  1317  1239  1320  1310  1279  1344  1220  1209  1290  1227  1297  1219  1234  1277  
1148  1246  1204  1188  1297  1239  1305  1235  1293  1269  1276  1261  1201  1227  1214  1204  1170  1271  1239  1256  
1239  1283  1234  1301  1235  1216  1225  1288  1297  1298  1235  1283  1260  1200  1226  1246  1218  1274  1223  1197  
1218  1224  1188  1280  1207  1243  1260  1249  1248  1174  1210  1241  1232  1246  1225  1334  1258  1253  1292  1214  
1257  1318  1282  1206  1217  1257  1194  1225  1271  1259  1280  1241  1319  1256  1213  1263  1279  1230  1195  1301  
1291  1202  1265  1277  1248  1280  1235  1293  1284  1239  1215  1214  1310  1289  1266  1194  1229  1170  1245  1256  
1278  1268  1241  1233  1302  1230  1225  1255  1269  1281  1236  1233  1284  1253  1215  1254  1274  1232  1179  1222  
1241  1287  1294  1190  1222  1278  1336  1310  1225  1277  1236  1266  1286  1236  1239  1232  1205  1227  1240  1185  
1283  1177  1281  1287  1270  1220  1214  1281  1240  1299  1180  1246  1347  1243  1198  1241  1219  1310  1275  1307  
1255  1268  1182  1285  1196  1247  1229  1255  1293  1169  1282  1270  1296  1264  1257  1241  1225  1257  1178  1195  
1304  1228  1240  1261  1219  1274  1182  1241  1242  1268  1183  1321  1251  1222  1212  1314  1288  1269  1227  1284  
1246  1272  1150  1312  1284  1233  1263  1267  1235  1254  1208  1244  1252  1228  1262  1212  1258  1222  1307  1241  
1255  1195  1240  1275  1268  1225  1236  1259  1253  1315  1170  1289  1273  1287  1214  1242  1172  1320  1234  1268  
1164  1224  1306  1225  1298  1237  1271  1291  1245  1217  1284  1233  1227  1232  1183  1215  1256  1244  1275  1242  
