1.2005
1271  1302  1320  1263  1252  1288  1215  1325  1324  1247  1226  1225  1227  1240  1228  1276  1188  1141  1238  1262  
1235  1267  1231  1218  1249  1231  1253  1214  1246  1219  1226  1261  1273  1194  1221  1181  1270  1248  1292  1266  
1205  1307  1324  1243  1273  1242  1264  1224  1173  1248  1229  1253  1298  1230  1205  1224  1181  1282  1241  1277  
1307  1204  1222  1222  1308  1257  1279  1283  1322  1256  1221  1257  1328  1271  1303  1151  1213  1243  1226  1248  
1248  1313  1281  1254  1300  1260  1219  1279  1288  1260  1321  1285  1303  1243  1240  1190  1241  1235  1300  1260  
1220  1279  1314  1254  1244  1275  1227  1164  1287  1300  1316  1286  1323  1233  1239  1211  1204  1195  1255  1268  
1276  1236  1253  1261  1176  1210  1215  1230  1265  1172  1253  1307  1231  1270  1271  1242  1269  1253  1251  1195  
1233  1221  1296  1236  1249  1218  1208  1227  1251  1205  1281  1223  1222  1240  1288  1243  1218  1245  1260  1254  
1232  1228  1180  1290  1229  1260  1192  1221  1309  1296  1251  1191  1196  1302  1241  1187  1248  1330  1262  1296  
1296  1233  1245  1328  1201  1261  1290  1278  1229  1223  1261  1323  1197  1283  1246  1199  1312  1320  1279  1212  
1365  1247  1187  1259  1303  1238  1245  1300  1329  1332  1178  1278  1242  1304  1241  1275  1240  1227  1202  1157  
1276  1238  1250  1290  1315  1305  1260  1288  1222  1183  1209  1220  1216  1280  1307  1228  1292  1377  1250  1252  
1230  1218  1221  1229  1264  1227  1267  1340  1200  1280  1194  1301  1226  1220  1242  1246  1220  1238  1294  1246  
1271  1223  1209  1214  1203  1211  1241  1244  1267  1269  1326  1269  1228  1278  1252  1279  1274  1267  1258  1233  
1274  1197  1274  1228  1217  1264  1275  1306  1245  1256  1252  1284  1223  1252  1269  1249  1239  1209  1252  1218  
1246  1234  1197  1262  1259  1277  1271  1188  1189  1255  1219  1202  1249  1211  1279  1266  1257  1232  1193  1295  
1242  1340  1234  1226  1262  1243  1207  1262  1285  1261  1305  1201  1296  1279  1227  1283  1268  1305  1250  1263  
1229  1239  1228  1265  1264  1244  1247  1272  1263  1237  1318  1260  1233  1303  1356  1299  1304  1259  1307  1216  
1221  1129  1214  1232  1240  1240  1262  1286  1270  1301  1227  1238  1223  1286  1276  1220  1290  1241  1203  1294  
1251  1229  1283  1202  1279  1315  1244  1260  1218  1311  1302  1241  1263  1263  1274  1203  1255  1280  1241  1273  
