1.19914
1204  1274  1216  1243  1249  1344  1209  1232  1266  1284  1254  1307  1206  1301  1291  1244  1212  1264  1201  1224  
1267  1248  1275  1270  1254  1295  1219  1194  1234  1262  1254  1203  1262  1330  1221  1270  1209  1313  1208  1160  
1218  1198  1252  1295  1293  1233  1296  1268  1291  1245  1165  1261  1263  1303  1258  1269  1250  1260  1274  1260  
1197  1256  1292  1292  1264  1264  1280  1315  1311  1265  1333  1273  1206  1195  1270  1255  1239  1265  1174  1316  
1161  1247  1223  1259  1246  1238  1255  1286  1300  1215  1208  1243  1272  1283  1256  1210  1204  1262  1319  1269  
1283  1330  1264  1282  1286  1225  1310  1278  1240  1344  1284  1198  1262  1201  1219  1184  1313  1223  1319  1180  
1249  1247  1230  1216  1252  1242  1250  1269  1247  1290  1265  1288  1224  1303  1207  1270  1242  1303  1291  1214  
1292  1272  1255  1258  1225  1204  1286  1248  1204  1187  1198  1280  1226  1237  1238  1287  1271  1280  1257  1229  
1280  1266  1218  1272  1198  1251  1288  1186  1317  1282  1295  1269  1270  1233  1276  1230  1242  1242  1243  1258  
1344  1295  1155  1234  1173  1214  1209  1218  1194  1186  1282  1222  1252  1287  1210  1350  1259  1239  1170  1282  
1164  1277  1261  1284  1282  1212  1242  1230  1233  1207  1248  1238  1288  1248  1243  1204  1265  1270  1170  1240  
1307  1264  1301  1166  1168  1225  1242  1237  1255  1283  1221  1268  1289  1209  1200  1340  1233  1300  1249  1282  
1177  1261  1242  1237  1199  1237  1236  1286  1244  1285  1278  1271  1281  1261  1205  1228  1306  1230  1253  1226  
1326  1195  1279  1215  1189  1328  1230  1215  1291  1251  1304  1267  1218  1267  1244  1212  1173  1173  1233  1252  
1203  1222  1262  1267  1293  1228  1219  1264  1234  1246  1319  1202  1237  1247  1239  1171  1202  1275  1186  1204  
1212  1277  1291  1258  1297  1267  1200  1259  1272  1240  1270  1274  1217  1198  1259  1281  1263  1212  1283  1256  
1276  1260  1243  1190  1245  1222  1222  1168  1199  1334  1276  1226  1226  1313  1233  1320  1168  1237  1265  1212  
1243  1222  1198  1277  1280  1173  1251  1227  1251  1246  1294  1293  1264  1233  1243  1203  1262  1229  1287  1247  
1270  1185  1228  1239  1230  1226  1288  1222  1223  1263  1241  1225  1328  1205  1169  1278  1230  1299  1235  1267  
1262  1230  1234  1188  1357  1244  1189  1224  1290  1228  1300  1318  1290  1242  1288  1328  1278  1201  1249  1277  
