1.20078
1224  1313  1251  1275  1225  1256  1301  1244  1202  1219  1210  1296  1359  1247  1187  1212  1201  1216  1258  1277  
1281  1255  1210  1310  1306  1265  1258  1240  1234  1299  1314  1298  1230  1191  1267  1288  1215  1258  1240  1233  
1240  1295  1229  1274  1286  1323  1282  1241  1238  1238  1318  1312  1241  1235  1294  1327  1265  1279  1253  1256  
1210  1153  1284  1296  1204  1199  1293  1221  1301  1322  1290  1313  1234  1257  1282  1300  1198  1217  1290  1294  
1255  1287  1274  1272  1282  1229  1247  1222  1223  1401  1254  1281  1290  1323  1266  1279  1243  1282  1262  1282  
1266  1292  1203  1282  1289  1182  1193  1257  1220  1336  1270  1267  1243  1231  1285  1212  1254  1246  1278  1257  
1233  1236  1218  1192  1230  1266  1276  1297  1242  1246  1243  1225  1261  1259  1279  1198  1215  1177  1248  1211  
1238  1271  1244  1280  1248  1215  1251  1223  1208  1335  1226  1218  1304  1158  1264  1225  1223  1246  1203  1318  
1219  1221  1252  1203  1315  1214  1214  1272  1243  1216  1280  1272  1254  1205  1234  1166  1220  1340  1229  1242  
1246  1275  1274  1266  1244  1242  1324  1234  1203  1207  1274  1292  1221  1271  1274  1218  1176  1237  1210  1351  
1253  1288  1190  1292  1218  1261  1304  1242  1254  1328  1248  1175  1265  1219  1244  1270  1170  1347  1293  1179  
1284  1222  1253  1217  1211  1219  1256  1281  1232  1197  1289  1241  1245  1212  1274  1233  1236  1293  1181  1242  
1237  1220  1252  1251  1263  1293  1261  1192  1261  1296  1245  1227  1177  1232  1238  1246  1271  1208  1267  1298  
1324  1252  1186  1235  1261  1208  1223  1255  1252  1243  1334  1279  1214  1280  1287  1256  1217  1311  1212  1280  
1274  1227  1198  1257  1284  1232  1243  1196  1303  1164  1246  1272  1285  1285  1264  1219  1289  1247  1246  1255  
1289  1205  1256  1208  1248  1241  1235  1209  1291  1199  1230  1263  1232  1201  1240  1264  1184  1271  1273  1311  
1235  1299  1214  1230  1217  1211  1221  1283  1202  1326  1194  1227  1298  1265  1181  1196  1296  1183  1259  1199  
1237  1167  1282  1304  1200  1266  1277  1303  1318  1222  1191  1225  1293  1307  1276  1261  1269  1298  1213  1247  
1194  1276  1258  1198  1264  1256  1224  1291  1239  1280  1308  1263  1265  1228  1319  1225  1254  1136  1253  1245  
1270  1290  1257  1258  1269  1168  1301  1235  1241  1298  1217  1195  1259  1310  1252  1230  1254  1291  1245  1254  
