1.19654
1197  1246  1241  1291  1227  1382  1231  1224  1278  1212  1277  1270  1253  1261  1288  1252  1224  1264  1283  1206  
1188  1274  1172  1189  1280  1251  1259  1254  1244  1312  1256  1257  1243  1248  1172  1397  1214  1217  1244  1254  
1267  1213  1261  1303  1266  1220  1227  1294  1282  1208  1193  1300  1252  1301  1301  1221  1237  1261  1288  1191  
1175  1254  1328  1304  1328  1225  1337  1242  1298  1267  1234  1235  1222  1156  1189  1248  1258  1312  1292  1271  
1259  1247  1344  1224  1266  1267  1245  1294  1293  1247  1226  1235  1293  1280  1295  1296  1198  1173  1270  1242  
1261  1205  1217  1218  1269  1282  1263  1212  1256  1204  1257  1276  1219  1215  1250  1307  1178  1234  1268  1238  
1265  1290  1207  1224  1258  1294  1257  1259  1212  1216  1221  1206  1221  1249  1243  1321  1322  1281  1220  1195  
1239  1240  1302  1242  1214  1270  1181  1213  1250  1278  1253  1215  1218  1271  1260  1225  1245  1272  1246  1290  
1213  1223  1237  1220  1222  1251  1249  1220  1245  1255  1234  1270  1226  1288  1251  1250  1277  1260  1292  1281  
1218  1210  1270  1219  1241  1245  1261  1243  1263  1261  1300  1257  1191  1232  1222  1283  1216  1259  1231  1272  
1300  1273  1201  1233  1248  1219  1249  1223  1236  1232  1292  1210  1232  1214  1225  1210  1174  1215  1314  1212  
1240  1260  1247  1165  1274  1154  1188  1285  1292  1234  1307  1304  1257  1170  1326  1218  1177  1236  1260  1261  
1236  1234  1243  1248  1289  1274  1277  1355  1240  1206  1245  1275  1265  1244  1269  1312  1241  1247  1286  1277  
1227  1292  1246  1247  1298  1215  1212  1216  1252  1277  1279  1213  1271  1247  1297  1235  1252  1197  1284  1172  
1267  1203  1195  1216  1279  1291  1262  1231  1244  1185  1270  1208  1267  1250  1198  1258  1204  1261  1285  1172  
1310  1261  1257  1258  1233  1231  1273  1270  1239  1247  1191  1234  1197  1321  1309  1262  1197  1235  1222  1205  
1289  1171  1228  1198  1206  1180  1201  1329  1269  1217  1286  1228  1204  1329  1228  1250  1232  1206  1329  1310  
1284  1196  1243  1214  1267  1309  1220  1207  1223  1225  1288  1271  1196  1227  1204  1223  1198  1264  1262  1259  
1242  1266  1250  1233  1241  1268  1316  1258  1253  1270  1270  1195  1212  1228  1333  1310  1197  1278  1213  1207  
1303  1303  1240  1235  1266  1247  1239  1292  1205  1227  1258  1262  1280  1289  1302  1260  1259  1266  1237  1147  
