1.19843
1245  1312  1227  1309  1229  1228  1245  1255  1198  1219  1269  1243  1305  1205  1288  1212  1232  1271  1263  1260  
1249  1255  1173  1265  1260  1231  1215  1253  1199  1249  1257  1200  1269  1250  1270  1218  1190  1207  1276  1152  
1217  1312  1246  1219  1283  1291  1198  1260  1228  1325  1239  1221  1236  1257  1199  1276  1301  1308  1240  1317  
1210  1280  1272  1231  1177  1196  1199  1242  1264  1192  1194  1175  1243  1299  1265  1300  1185  1193  1298  1272  
1192  1200  1210  1234  1222  1203  1221  1235  1228  1271  1162  1304  1259  1279  1279  1205  1263  1258  1274  1188  
1273  1298  1253  1260  1243  1284  1207  1259  1238  1271  1250  1300  1251  1217  1192  1268  1253  1250  1282  1317  
1287  1226  1276  1234  1236  1255  1235  1229  1277  1183  1246  1312  1229  1228  1162  1289  1333  1225  1174  1271  
1238  1196  1209  1221  1257  1180  1233  1257  1295  1287  1293  1214  1230  1216  1264  1315  1190  1330  1179  1341  
1234  1269  1248  1244  1311  1223  1327  1280  1222  1295  1188  1254  1229  1221  1263  1292  1284  1206  1292  1321  
1156  1214  1271  1228  1248  1251  1220  1307  1174  1242  1260  1212  1188  1227  1287  1252  1209  1255  1267  1203  
1188  1253  1149  1323  1173  1218  1217  1269  1280  1215  1249  1202  1288  1215  1263  1264  1210  1242  1174  1225  
1309  1328  1243  1241  1267  1222  1169  1264  1264  1234  1269  1214  1305  1276  1270  1222  1295  1288  1329  1221  
1293  1298  1255  1188  1351  1324  1243  1293  1226  1273  1289  1216  1251  1227  1264  1193  1297  1210  1261  1265  
1254  1228  1284  1281  1223  1230  1178  1245  1337  1297  1160  1188  1281  1265  1250  1253  1219  1280  1242  1268  
1241  1272  1321  1257  1214  1200  1224  1207  1309  1238  1198  1176  1295  1257  1206  1196  1240  1307  1221  1294  
1265  1256  1245  1204  1213  1257  1207  1299  1245  1216  1330  1240  1203  1278  1246  1277  1306  1240  1198  1213  
1345  1188  1186  1319  1210  1321  1279  1273  1236  1226  1284  1252  1236  1302  1172  1228  1254  1242  1293  1276  
1267  1237  1192  1192  1296  1287  1306  1333  1305  1263  1222  1257  1211  1352  1321  1266  1269  1231  1222  1234  
1169  1247  1247  1238  1244  1328  1222  1205  1253  1248  1252  1251  1169  1193  1236  1230  1242  1214  1228  1271  
1300  1300  1338  1288  1265  1237  1175  1288  1313  1239  1299  1287  1284  1276  1205  1235  1256  1265  1252  1228  
