1.19686
1267  1268  1232  1238  1213  1246  1227  1244  1329  1232  1277  1287  1331  1286  1322  1274  1264  1249  1260  1255  
1248  1236  1266  1243  1250  1282  1263  1216  1262  1259  1190  1304  1244  1231  1221  1285  1196  1270  1263  1261  
1256  1196  1231  1242  1257  1281  1263  1243  1181  1253  1218  1169  1250  1178  1317  1223  1285  1224  1222  1283  
1230  1226  1207  1280  1133  1311  1272  1278  1307  1302  1229  1197  1243  1229  1225  1248  1253  1239  1308  1281  
1188  1231  1273  1260  1272  1205  1173  1220  1260  1228  1336  1259  1271  1312  1221  1287  1282  1271  1291  1251  
1253  1235  1282  1252  1217  1209  1237  1210  1261  1266  1244  1192  1207  1251  1284  1200  1264  1190  1259  1225  
1233  1223  1282  1230  1194  1296  1203  1192  1194  1203  1281  1290  1243  1250  1268  1220  1187  1210  1281  1186  
1202  1262  1257  1249  1222  1230  1260  1248  1277  1236  1228  1289  1271  1209  1268  1279  1215  1195  1223  1258  
1220  1255  1191  1227  1199  1195  1211  1252  1283  1278  1270  1276  1263  1266  1253  1278  1252  1279  1280  1214  
1259  1158  1242  1269  1199  1299  1252  1232  1266  1297  1192  1212  1323  1277  1182  1247  1230  1210  1219  1286  
1264  1263  1291  1214  1264  1212  1308  1280  1306  1224  1207  1246  1252  1178  1154  1258  1255  1247  1273  1221  
1193  1222  1244  1194  1290  1194  1287  1241  1356  1238  1233  1270  1234  1160  1226  1274  1230  1295  1246  1329  
1253  1285  1224  1266  1266  1189  1268  1281  1269  1234  1254  1236  1258  1307  1182  1265  1198  1230  1357  1297  
1241  1288  1226  1268  1202  1263  1170  1201  1215  1275  1192  1221  1335  1170  1294  1166  1303  1318  1227  1275  
1196  1257  1216  1321  1225  1220  1291  1170  1287  1218  1242  1276  1252  1230  1237  1255  1136  1242  1217  1254  
1306  1251  1256  1231  1243  1319  1198  1245  1206  1211  1248  1232  1293  1246  1221  1249  1233  1263  1212  1294  
1329  1283  1228  1279  1192  1162  1247  1282  1244  1195  1243  1335  1244  1259  1200  1192  1247  1279  1208  1300  
1204  1248  1250  1233  1184  1221  1172  1302  1227  1299  1316  1191  1217  1236  1211  1251  1241  1218  1253  1264  
1269  1177  1285  1223  1305  1227  1312  1238  1279  1248  1203  1218  1253  1233  1213  1261  1256  1170  1182  1329  
1214  1259  1230  1205  1253  1283  1245  1198  1277  1244  1312  1255  1245  1240  1307  1299  1236  1278  1251  1175  
