1.19998
1209  1254  1340  1145  1297  1336  1210  1351  1265  1185  1279  1281  1267  1291  1216  1250  1240  1252  1288  1205  
1203  1245  1260  1301  1267  1220  1265  1309  1281  1222  1204  1153  1246  1274  1300  1231  1217  1236  1275  1275  
1279  1283  1325  1227  1315  1310  1225  1236  1166  1295  1267  1237  1253  1262  1255  1301  1254  1227  1253  1200  
1259  1262  1286  1315  1283  1246  1257  1233  1193  1265  1250  1242  1208  1254  1276  1223  1209  1213  1275  1245  
1257  1237  1243  1229  1255  1342  1188  1265  1257  1296  1261  1316  1227  1293  1264  1281  1267  1250  1238  1281  
1287  1197  1273  1288  1239  1284  1247  1237  1231  1196  1213  1224  1264  1221  1228  1267  1357  1229  1192  1172  
1229  1222  1274  1194  1230  1245  1274  1264  1299  1203  1214  1233  1218  1290  1285  1287  1210  1308  1223  1264  
1155  1239  1291  1230  1176  1184  1253  1291  1200  1190  1244  1225  1317  1237  1262  1185  1248  1178  1238  1246  
1246  1204  1235  1241  1320  1261  1217  1262  1180  1255  1231  1244  1297  1221  1200  1233  1230  1246  1274  1279  
1185  1325  1234  1285  1269  1298  1278  1264  1194  1263  1228  1253  1217  1257  1205  1280  1250  1235  1246  1217  
1206  1228  1270  1268  1282  1214  1265  1233  1289  1244  1283  1206  1277  1218  1215  1303  1263  1222  1196  1236  
1203  1248  1285  1251  1268  1201  1297  1281  1230  1278  1275  1258  1276  1258  1281  1212  1271  1212  1209  1243  
1344  1230  1211  1230  1174  1229  1250  1212  1229  1243  1267  1254  1281  1236  1235  1267  1206  1269  1152  1203  
1292  1232  1253  1307  1226  1250  1249  1255  1322  1245  1200  1225  1180  1197  1244  1251  1270  1270  1316  1106  
1276  1281  1221  1243  1235  1262  1178  1287  1300  1234  1215  1274  1225  1264  1248  1294  1277  1259  1217  1257  
1244  1224  1259  1288  1217  1270  1234  1217  1234  1250  1293  1244  1226  1236  1233  1266  1254  1260  1312  1259  
1205  1261  1328  1195  1211  1231  1273  1271  1273  1244  1200  1273  1269  1261  1212  1267  1302  1224  1240  1330  
1285  1328  1267  1292  1226  1211  1209  1217  1229  1205  1221  1264  1244  1262  1224  1233  1282  1184  1253  1304  
1215  1285  1223  1296  1335  1211  1257  1278  1324  1314  1246  1276  1228  1189  1273  1335  1222  1228  1239  1240  
1270  1271  1303  1232  1329  1236  1246  1224  1197  1221  1198  1230  1210  1263  1303  1297  1253  1243  1132  1238  
