1.20052
1246  1236  1242  1279  1273  1252  1332  1266  1258  1191  1229  1273  1247  1254  1248  1311  1262  1192  1231  1189  
1301  1226  1189  1188  1362  1244  1301  1287  1265  1238  1204  1244  1246  1238  1226  1276  1290  1220  1217  1267  
1232  1189  1280  1318  1283  1297  1239  1261  1235  1254  1259  1266  1250  1177  1196  1323  1314  1290  1288  1238  
1280  1264  1293  1261  1277  1227  1295  1313  1318  1252  1289  1247  1261  1241  1251  1211  1202  1228  1322  1219  
1238  1232  1276  1284  1280  1212  1276  1261  1334  1236  1128  1241  1253  1272  1267  1199  1248  1225  1171  1217  
1346  1272  1245  1288  1245  1307  1230  1324  1224  1188  1212  1201  1214  1280  1241  1259  1220  1335  1292  1250  
1269  1286  1230  1239  1190  1294  1238  1217  1256  1248  1269  1274  1265  1209  1287  1221  1282  1246  1265  1226  
1272  1245  1318  1226  1218  1221  1253  1234  1255  1218  1206  1274  1228  1293  1229  1216  1248  1299  1337  1182  
1258  1267  1345  1186  1264  1234  1298  1312  1256  1253  1232  1273  1283  1308  1281  1283  1254  1198  1310  1274  
1263  1211  1294  1271  1259  1232  1296  1267  1129  1240  1178  1273  1196  1236  1314  1295  1255  1212  1263  1178  
1334  1190  1320  1242  1263  1282  1274  1174  1219  1276  1220  1266  1290  1252  1211  1260  1244  1235  1298  1278  
1262  1216  1227  1222  1266  1211  1302  1170  1274  1230  1263  1250  1229  1280  1227  1204  1216  1204  1208  1299  
1196  1288  1239  1246  1210  1292  1204  1266  1216  1227  1246  1224  1283  1257  1232  1208  1294  1251  1256  1257  
1261  1245  1238  1242  1285  1230  1218  1311  1254  1247  1215  1239  1250  1238  1331  1255  1157  1218  1212  1281  
1230  1231  1296  1237  1358  1243  1120  1251  1209  1239  1263  1264  1267  1256  1300  1218  1211  1253  1268  1248  
1188  1302  1324  1265  1272  1206  1265  1283  1231  1274  1242  1192  1318  1233  1247  1274  1253  1311  1284  1257  
1267  1296  1247  1257  1257  1295  1295  1306  1244  1235  1269  1292  1347  1230  1183  1233  1277  1299  1348  1282  
1280  1253  1254  1256  1263  1178  1256  1253  1197  1246  1255  1201  1187  1225  1265  1254  1242  1336  1218  1185  
1267  1293  1224  1239  1229  1216  1228  1159  1291  1181  1284  1286  1215  1237  1253  1221  1199  1290  1228  1245  
1208  1318  1259  1224  1289  1264  1220  1219  1282  1216  1258  1276  1223  1187  1280  1258  1261  1241  1172  1220  
