1.19639
1265  1316  1310  1272  1260  1305  1206  1192  1172  1230  1246  1273  1241  1265  1187  1297  1250  1294  1318  1183  
1261  1250  1249  1217  1224  1281  1236  1280  1221  1244  1176  1244  1228  1313  1254  1221  1260  1240  1191  1239  
1263  1209  1260  1273  1226  1251  1221  1161  1269  1213  1238  1218  1293  1202  1219  1298  1206  1205  1275  1244  
1297  1220  1283  1239  1216  1200  1220  1240  1208  1261  1238  1201  1257  1196  1198  1278  1308  1272  1229  1284  
1220  1258  1252  1294  1276  1310  1278  1223  1201  1200  1247  1205  1277  1229  1153  1264  1239  1197  1209  1273  
1323  1205  1353  1266  1253  1229  1321  1279  1230  1302  1243  1233  1271  1357  1227  1230  1248  1268  1260  1197  
1180  1261  1206  1218  1295  1217  1230  1238  1256  1207  1384  1255  1263  1152  1256  1314  1224  1214  1241  1334  
1234  1247  1325  1294  1201  1282  1167  1217  1252  1234  1226  1207  1273  1246  1277  1262  1300  1248  1244  1290  
1267  1264  1284  1288  1294  1271  1232  1218  1232  1233  1272  1235  1229  1245  1236  1246  1184  1294  1263  1238  
1284  1300  1285  1273  1268  1312  1267  1152  1272  1292  1184  1226  1272  1179  1206  1237  1255  1238  1289  1295  
1327  1236  1270  1323  1291  1245  1213  1241  1258  1270  1277  1298  1253  1276  1244  1244  1300  1171  1235  1224  
1230  1247  1227  1251  1229  1277  1292  1301  1265  1199  1204  1197  1295  1264  1235  1271  1270  1203  1175  1323  
1285  1284  1293  1233  1290  1260  1291  1252  1247  1214  1185  1263  1275  1173  1275  1258  1182  1257  1246  1192  
1309  1268  1228  1350  1266  1247  1253  1206  1273  1242  1199  1289  1215  1218  1184  1182  1267  1291  1269  1254  
1242  1279  1211  1252  1208  1288  1194  1249  1244  1242  1201  1302  1310  1258  1236  1219  1250  1257  1251  1290  
1269  1214  1256  1225  1227  1204  1290  1186  1216  1263  1261  1223  1218  1287  1260  1214  1269  1202  1251  1286  
1208  1252  1270  1223  1287  1271  1221  1326  1194  1307  1231  1301  1241  1207  1193  1224  1155  1218  1275  1251  
1244  1257  1206  1262  1224  1222  1226  1277  1280  1295  1243  1206  1218  1183  1202  1277  1224  1246  1301  1233  
1280  1276  1308  1235  1210  1201  1242  1245  1226  1316  1259  1233  1233  1188  1189  1220  1249  1208  1215  1179  
1268  1178  1319  1268  1276  1184  1183  1264  1203  1169  1201  1231  1320  1233  1225  1250  1261  1209  1266  1268  
