1.20101
1257  1276  1237  1309  1259  1275  1314  1247  1329  1212  1258  1274  1275  1256  1260  1245  1256  1256  1199  1250  
1205  1228  1208  1223  1306  1275  1216  1290  1215  1290  1251  1262  1272  1270  1230  1246  1291  1269  1262  1286  
1251  1246  1274  1294  1216  1233  1238  1204  1242  1339  1220  1293  1253  1306  1279  1196  1264  1242  1203  1259  
1236  1238  1251  1236  1260  1117  1210  1205  1274  1182  1163  1335  1254  1247  1208  1230  1263  1266  1288  1311  
1316  1317  1284  1271  1212  1277  1323  1214  1176  1273  1232  1193  1227  1273  1236  1270  1212  1261  1218  1245  
1285  1318  1246  1262  1241  1260  1281  1292  1239  1334  1305  1336  1245  1264  1239  1200  1144  1289  1218  1237  
1180  1266  1274  1306  1240  1310  1298  1233  1258  1241  1193  1240  1221  1228  1190  1321  1305  1258  1239  1185  
1239  1220  1235  1273  1260  1252  1278  1191  1328  1271  1254  1239  1281  1295  1235  1259  1244  1279  1253  1204  
1249  1238  1248  1276  1166  1235  1203  1262  1275  1202  1221  1205  1255  1259  1268  1226  1271  1278  1274  1234  
1279  1161  1234  1276  1251  1228  1232  1267  1257  1211  1261  1220  1169  1250  1281  1230  1244  1226  1258  1287  
1215  1239  1264  1223  1277  1277  1269  1253  1227  1214  1222  1229  1273  1242  1216  1197  1273  1201  1192  1288  
1240  1175  1235  1224  1195  1239  1235  1249  1249  1271  1283  1154  1260  1220  1200  1312  1261  1179  1147  1254  
1293  1288  1276  1307  1275  1300  1251  1277  1242  1266  1242  1254  1286  1267  1223  1221  1324  1272  1245  1241  
1225  1247  1283  1287  1245  1193  1238  1209  1286  1245  1253  1259  1328  1260  1230  1285  1300  1267  1295  1231  
1220  1270  1184  1285  1280  1223  1270  1195  1258  1220  1218  1238  1276  1259  1229  1258  1223  1267  1282  1227  
1168  1219  1273  1243  1245  1309  1221  1231  1264  1318  1290  1272  1248  1278  1198  1221  1222  1236  1277  1202  
1295  1287  1267  1247  1216  1279  1314  1271  1293  1279  1317  1251  1198  1266  1296  1285  1224  1200  1288  1252  
1291  1284  1197  1257  1211  1264  1231  1237  1262  1235  1291  1216  1252  1231  1260  1217  1345  1246  1222  1263  
1249  1273  1228  1293  1293  1287  1225  1315  1224  1306  1246  1238  1282  1266  1256  1341  1251  1270  1277  1272  
1232  1282  1237  1257  1235  1223  1288  1263  1235  1270  1225  1174  1232  1267  1235  1274  1230  1208  1306  1284  
