1.19964
1249  1235  1257  1260  1202  1262  1265  1242  1222  1293  1239  1227  1321  1232  1167  1229  1291  1317  1289  1281  
1246  1263  1222  1254  1225  1246  1301  1281  1214  1295  1248  1249  1233  1332  1285  1268  1273  1267  1230  1183  
1245  1198  1228  1229  1292  1279  1255  1196  1210  1282  1262  1226  1285  1299  1279  1247  1233  1209  1159  1286  
1203  1299  1298  1253  1274  1257  1234  1226  1243  1257  1234  1288  1259  1236  1269  1257  1213  1189  1311  1223  
1252  1237  1281  1223  1285  1261  1204  1173  1202  1249  1274  1329  1343  1277  1241  1263  1277  1223  1215  1234  
1290  1192  1231  1262  1272  1216  1283  1252  1319  1224  1196  1257  1231  1289  1249  1294  1235  1215  1200  1252  
1312  1262  1245  1171  1294  1184  1292  1286  1299  1209  1284  1276  1270  1305  1259  1254  1297  1232  1239  1291  
1262  1248  1224  1221  1184  1240  1221  1283  1263  1252  1282  1235  1209  1209  1274  1260  1316  1224  1205  1198  
1255  1289  1280  1190  1275  1268  1281  1302  1307  1252  1234  1223  1127  1250  1274  1184  1266  1222  1216  1199  
1202  1307  1181  1177  1195  1222  1238  1243  1233  1235  1240  1229  1218  1259  1249  1263  1248  1281  1236  1218  
1228  1310  1225  1245  1263  1250  1186  1262  1261  1297  1279  1253  1258  1272  1185  1247  1223  1263  1259  1204  
1280  1259  1233  1231  1260  1241  1137  1285  1228  1280  1259  1204  1285  1198  1227  1268  1235  1235  1256  1211  
1165  1263  1221  1273  1328  1286  1275  1269  1272  1219  1195  1258  1228  1273  1281  1284  1223  1216  1181  1260  
1247  1232  1291  1265  1310  1211  1274  1142  1222  1251  1312  1259  1303  1237  1220  1312  1188  1301  1273  1263  
1248  1275  1281  1158  1237  1163  1246  1316  1226  1210  1232  1239  1216  1306  1249  1222  1246  1263  1248  1213  
1281  1235  1327  1255  1311  1226  1310  1279  1235  1226  1277  1225  1223  1144  1285  1230  1226  1270  1226  1208  
1199  1265  1213  1263  1262  1220  1249  1291  1251  1258  1241  1218  1261  1220  1238  1277  1287  1324  1190  1208  
1310  1317  1256  1212  1236  1288  1265  1176  1230  1212  1274  1276  1325  1294  1255  1265  1275  1223  1258  1258  
1168  1281  1234  1275  1234  1324  1192  1248  1240  1249  1208  1200  1251  1214  1262  1191  1192  1344  1242  1278  
1195  1200  1305  1251  1262  1221  1199  1258  1300  1314  1203  1263  1242  1205  1226  1207  1212  1222  1287  1219  
