1.19917
1305  1275  1267  1311  1299  1274  1197  1234  1224  1262  1247  1242  1275  1244  1258  1273  1211  1214  1217  1277  
1203  1171  1230  1230  1213  1287  1242  1263  1267  1275  1252  1245  1277  1297  1243  1221  1250  1223  1269  1258  
1236  1268  1300  1290  1216  1256  1311  1236  1283  1205  1207  1278  1281  1273  1230  1302  1251  1255  1275  1210  
1252  1272  1282  1253  1295  1230  1220  1248  1272  1355  1189  1222  1195  1234  1197  1291  1227  1294  1284  1207  
1175  1364  1237  1199  1170  1320  1242  1188  1205  1280  1240  1287  1192  1273  1317  1283  1260  1248  1303  1191  
1264  1228  1256  1267  1330  1309  1189  1293  1258  1280  1260  1265  1248  1246  1244  1196  1217  1213  1287  1189  
1178  1263  1301  1228  1214  1244  1249  1170  1264  1302  1193  1281  1231  1268  1225  1225  1237  1281  1285  1258  
1257  1191  1266  1251  1279  1179  1227  1261  1241  1161  1251  1221  1270  1190  1330  1177  1279  1249  1242  1311  
1233  1281  1291  1304  1284  1280  1294  1239  1253  1214  1303  1279  1240  1178  1232  1284  1214  1264  1222  1223  
1232  1203  1193  1173  1242  1212  1268  1303  1318  1221  1257  1288  1282  1215  1255  1278  1194  1260  1294  1277  
1171  1234  1238  1270  1239  1220  1273  1260  1293  1344  1214  1197  1203  1215  1220  1268  1304  1282  1267  1234  
1288  1257  1265  1351  1250  1210  1231  1313  1238  1271  1246  1255  1215  1277  1226  1249  1290  1274  1277  1265  
1261  1240  1266  1172  1232  1184  1310  1247  1314  1262  1199  1257  1270  1234  1254  1260  1217  1241  1173  1263  
1240  1251  1233  1247  1229  1256  1278  1261  1248  1249  1240  1282  1202  1245  1207  1272  1297  1264  1310  1258  
1251  1248  1256  1284  1225  1206  1249  1260  1181  1241  1265  1273  1260  1230  1318  1295  1282  1261  1204  1262  
1247  1257  1201  1318  1202  1248  1216  1227  1217  1201  1321  1301  1193  1218  1229  1211  1188  1311  1245  1270  
1276  1289  1212  1209  1220  1213  1169  1156  1259  1281  1226  1241  1187  1242  1242  1224  1202  1241  1233  1254  
1176  1311  1249  1274  1364  1300  1212  1324  1243  1254  1259  1300  1258  1226  1228  1253  1328  1246  1226  1269  
1247  1273  1317  1214  1248  1316  1202  1340  1227  1242  1243  1294  1270  1278  1260  1296  1190  1254  1262  1261  
1185  1265  1185  1223  1271  1298  1289  1225  1213  1272  1317  1190  1195  1264  1225  1232  1259  1238  1277  1242  
