1.2012
1233  1226  1235  1217  1306  1274  1319  1206  1318  1265  1245  1315  1204  1227  1225  1258  1247  1324  1275  1270  
1251  1250  1210  1215  1280  1228  1228  1205  1273  1260  1268  1229  1257  1232  1276  1212  1277  1311  1284  1259  
1321  1216  1219  1204  1260  1314  1210  1271  1240  1220  1268  1181  1221  1274  1264  1292  1278  1199  1260  1241  
1277  1226  1285  1242  1333  1249  1230  1234  1226  1216  1231  1196  1258  1231  1232  1189  1220  1241  1232  1286  
1226  1327  1264  1259  1212  1230  1220  1186  1299  1288  1224  1277  1254  1227  1269  1288  1276  1255  1209  1220  
1273  1265  1285  1255  1228  1219  1275  1242  1236  1264  1292  1187  1304  1224  1200  1272  1247  1276  1266  1252  
1251  1237  1208  1283  1219  1313  1239  1278  1234  1258  1182  1210  1301  1279  1259  1180  1220  1266  1275  1211  
1267  1249  1193  1254  1317  1234  1212  1248  1217  1231  1157  1300  1256  1275  1258  1235  1232  1268  1309  1292  
1306  1305  1285  1216  1213  1188  1252  1206  1230  1277  1337  1303  1240  1254  1202  1300  1259  1250  1281  1223  
1249  1208  1196  1235  1260  1285  1249  1273  1161  1259  1311  1184  1307  1292  1290  1306  1217  1224  1228  1264  
1315  1189  1241  1252  1267  1263  1322  1309  1300  1227  1298  1282  1222  1256  1275  1263  1230  1262  1254  1244  
1231  1282  1249  1200  1244  1278  1195  1311  1311  1237  1225  1226  1260  1268  1272  1266  1246  1161  1254  1228  
1242  1252  1182  1275  1281  1229  1234  1241  1236  1261  1269  1283  1261  1242  1216  1231  1333  1240  1344  1228  
1250  1264  1222  1224  1279  1249  1327  1222  1291  1236  1312  1249  1214  1246  1342  1296  1199  1239  1282  1324  
1201  1277  1153  1248  1266  1207  1263  1209  1214  1228  1352  1291  1137  1233  1275  1300  1291  1197  1205  1307  
1256  1203  1294  1269  1316  1234  1301  1245  1233  1223  1259  1307  1259  1245  1298  1226  1194  1210  1274  1232  
1152  1239  1275  1286  1287  1264  1280  1183  1246  1252  1309  1262  1278  1276  1319  1208  1236  1173  1207  1228  
1220  1234  1316  1256  1210  1268  1158  1237  1279  1228  1184  1221  1252  1216  1281  1237  1281  1201  1245  1186  
1196  1257  1277  1208  1327  1205  1331  1234  1243  1260  1211  1280  1235  1213  1308  1247  1231  1251  1253  1271  
1223  1263  1281  1277  1234  1246  1286  1302  1197  1247  1288  1271  1270  1256  1331  1258  1240  1268  1229  1246  
