1.2012
1274  1298  1167  1229  1277  1285  1273  1230  1203  1245  1232  1233  1201  1232  1237  1274  1292  1267  1268  1270  
1293  1256  1188  1196  1267  1238  1237  1240  1218  1264  1257  1328  1292  1266  1255  1288  1221  1324  1312  1273  
1254  1256  1239  1212  1209  1262  1249  1285  1262  1183  1254  1193  1278  1223  1234  1206  1265  1244  1228  1243  
1327  1226  1203  1285  1357  1209  1210  1250  1257  1267  1293  1264  1203  1245  1212  1236  1173  1209  1186  1212  
1273  1280  1239  1184  1266  1248  1251  1231  1299  1266  1213  1230  1212  1248  1227  1239  1243  1306  1269  1148  
1267  1252  1205  1153  1280  1298  1270  1276  1191  1202  1192  1228  1237  1269  1302  1290  1232  1234  1207  1280  
1254  1257  1248  1273  1212  1248  1160  1275  1238  1258  1245  1312  1189  1236  1139  1244  1309  1251  1235  1268  
1246  1323  1294  1279  1276  1234  1278  1192  1233  1263  1164  1229  1236  1239  1266  1284  1238  1246  1225  1272  
1267  1244  1287  1210  1258  1237  1216  1271  1283  1251  1206  1263  1261  1264  1279  1248  1255  1310  1253  1267  
1317  1176  1189  1249  1202  1214  1227  1261  1204  1299  1283  1236  1231  1242  1330  1298  1233  1205  1263  1256  
1268  1290  1243  1209  1209  1239  1212  1250  1281  1331  1243  1218  1247  1335  1259  1273  1258  1314  1296  1296  
1207  1232  1209  1278  1231  1228  1214  1286  1296  1214  1222  1228  1274  1241  1224  1319  1250  1278  1251  1283  
1302  1281  1209  1202  1251  1284  1282  1235  1268  1231  1302  1285  1177  1315  1311  1208  1260  1277  1262  1252  
1257  1182  1291  1242  1287  1161  1207  1250  1228  1257  1266  1298  1234  1304  1318  1260  1299  1241  1237  1237  
1283  1241  1267  1225  1269  1254  1260  1231  1359  1281  1232  1206  1256  1231  1241  1256  1235  1215  1239  1270  
1270  1214  1247  1309  1338  1167  1305  1260  1264  1190  1339  1251  1198  1249  1215  1280  1255  1316  1279  1243  
1122  1272  1328  1254  1263  1233  1304  1179  1268  1210  1200  1294  1269  1241  1217  1183  1177  1231  1270  1237  
1272  1229  1235  1287  1227  1274  1270  1235  1269  1233  1261  1281  1291  1261  1252  1265  1323  1230  1227  1222  
1251  1252  1264  1309  1195  1195  1204  1219  1269  1246  1225  1244  1173  1276  1311  1235  1203  1204  1271  1284  
1314  1197  1252  1256  1213  1273  1284  1245  1262  1272  1223  1217  1246  1336  1298  1291  1241  1234  1284  1262  
