1.20104
1235  1289  1186  1259  1184  1199  1312  1209  1233  1301  1236  1330  1321  1154  1265  1317  1262  1260  1305  1301  
1207  1292  1257  1313  1268  1285  1225  1251  1316  1322  1207  1200  1243  1259  1280  1287  1259  1296  1250  1247  
1263  1233  1268  1275  1242  1225  1275  1246  1246  1258  1280  1158  1238  1263  1273  1243  1279  1285  1190  1211  
1189  1279  1309  1189  1249  1197  1257  1201  1343  1190  1262  1336  1273  1309  1302  1276  1192  1242  1231  1254  
1230  1253  1277  1207  1257  1288  1298  1330  1285  1266  1302  1166  1276  1258  1229  1212  1198  1306  1361  1249  
1192  1277  1290  1286  1244  1213  1240  1289  1260  1284  1303  1217  1353  1290  1267  1227  1229  1200  1255  1174  
1305  1227  1254  1317  1251  1300  1241  1217  1257  1293  1284  1242  1191  1206  1249  1320  1246  1275  1200  1296  
1314  1212  1267  1231  1267  1308  1205  1277  1242  1312  1294  1218  1213  1299  1236  1199  1220  1237  1235  1268  
1220  1270  1159  1285  1254  1254  1237  1287  1248  1332  1265  1224  1145  1265  1203  1257  1242  1213  1244  1276  
1345  1237  1239  1248  1246  1166  1220  1247  1242  1243  1252  1275  1281  1254  1326  1277  1251  1247  1275  1274  
1219  1265  1260  1268  1272  1273  1187  1234  1266  1239  1227  1312  1215  1259  1321  1318  1225  1215  1225  1272  
1258  1285  1214  1240  1285  1191  1253  1207  1293  1284  1287  1268  1265  1265  1218  1226  1268  1197  1196  1263  
1239  1266  1201  1271  1217  1319  1268  1203  1248  1286  1263  1231  1214  1305  1233  1274  1299  1343  1127  1145  
1240  1234  1273  1230  1231  1219  1241  1218  1308  1183  1202  1198  1230  1281  1212  1246  1297  1275  1272  1215  
1286  1259  1205  1263  1206  1248  1233  1211  1274  1212  1230  1250  1248  1251  1275  1232  1305  1261  1259  1241  
1249  1282  1323  1188  1247  1248  1220  1260  1313  1261  1260  1195  1261  1279  1193  1310  1214  1220  1156  1293  
1204  1250  1309  1261  1299  1194  1207  1214  1281  1249  1246  1298  1278  1253  1223  1313  1281  1255  1264  1320  
1213  1227  1206  1286  1249  1244  1251  1292  1276  1229  1235  1286  1268  1232  1258  1192  1217  1233  1258  1214  
1219  1266  1213  1325  1266  1304  1208  1268  1293  1309  1191  1235  1317  1307  1237  1228  1223  1249  1210  1264  
1232  1238  1236  1281  1262  1217  1331  1255  1202  1241  1240  1267  1247  1231  1186  1288  1279  1226  1221  1205  
