1.19801
1236  1213  1294  1221  1297  1275  1250  1333  1183  1234  1235  1217  1294  1201  1223  1300  1282  1207  1254  1243  
1294  1281  1267  1315  1250  1242  1176  1272  1246  1229  1179  1243  1279  1255  1214  1244  1266  1240  1252  1224  
1269  1242  1280  1311  1243  1276  1243  1220  1207  1246  1238  1203  1252  1251  1270  1204  1248  1199  1249  1231  
1240  1225  1278  1305  1231  1267  1354  1197  1215  1252  1291  1306  1263  1312  1271  1248  1359  1304  1244  1198  
1210  1286  1275  1251  1290  1264  1228  1266  1226  1251  1242  1248  1341  1236  1295  1269  1324  1220  1288  1268  
1240  1273  1245  1355  1229  1160  1287  1243  1227  1253  1322  1244  1194  1246  1242  1169  1242  1194  1227  1193  
1210  1225  1263  1303  1240  1316  1304  1237  1200  1280  1245  1227  1161  1182  1223  1250  1339  1254  1253  1259  
1215  1178  1260  1259  1227  1249  1284  1258  1258  1170  1219  1229  1213  1266  1259  1227  1254  1287  1241  1280  
1237  1227  1178  1292  1190  1278  1287  1260  1183  1283  1263  1236  1243  1236  1179  1247  1297  1360  1249  1349  
1243  1228  1217  1274  1297  1283  1200  1245  1239  1232  1248  1310  1300  1258  1201  1212  1167  1272  1254  1286  
1228  1163  1276  1231  1249  1204  1272  1273  1292  1242  1213  1242  1177  1226  1196  1194  1247  1287  1213  1247  
1270  1249  1242  1216  1202  1268  1204  1263  1240  1262  1254  1248  1320  1234  1288  1286  1223  1215  1237  1154  
1198  1207  1271  1258  1244  1190  1195  1299  1153  1294  1231  1199  1218  1266  1224  1255  1236  1249  1225  1292  
1260  1282  1252  1247  1310  1275  1232  1274  1253  1206  1218  1237  1240  1297  1232  1336  1225  1260  1301  1176  
1324  1310  1253  1226  1258  1275  1247  1214  1236  1235  1241  1279  1288  1202  1256  1287  1299  1260  1266  1277  
1284  1225  1223  1222  1220  1274  1227  1317  1237  1259  1284  1189  1208  1252  1273  1278  1225  1227  1243  1293  
1261  1185  1253  1301  1228  1319  1270  1239  1247  1248  1208  1288  1356  1220  1280  1218  1154  1291  1235  1315  
1218  1267  1182  1235  1280  1247  1295  1203  1211  1252  1201  1175  1254  1204  1263  1238  1255  1196  1258  1248  
1234  1267  1200  1293  1239  1184  1284  1233  1209  1242  1245  1203  1238  1260  1274  1296  1288  1245  1273  1324  
1331  1331  1219  1236  1183  1281  1270  1275  1256  1281  1279  1254  1241  1232  1259  1276  1134  1182  1232  1272  
