1.19877
1238  1249  1206  1258  1265  1275  1250  1253  1267  1217  1271  1206  1233  1181  1264  1219  1214  1212  1260  1262  
1281  1209  1243  1216  1258  1263  1241  1217  1257  1238  1236  1248  1235  1221  1286  1220  1250  1232  1212  1285  
1261  1216  1236  1273  1223  1201  1213  1233  1286  1250  1224  1226  1248  1284  1297  1290  1244  1238  1191  1252  
1219  1195  1243  1273  1210  1228  1183  1250  1283  1250  1194  1285  1233  1299  1193  1170  1280  1255  1243  1208  
1223  1258  1283  1239  1222  1243  1255  1176  1207  1230  1330  1301  1291  1224  1322  1308  1235  1224  1285  1227  
1232  1170  1248  1263  1282  1241  1364  1323  1325  1227  1336  1272  1188  1218  1223  1225  1156  1265  1253  1219  
1195  1280  1231  1269  1308  1247  1267  1271  1281  1293  1218  1277  1231  1217  1194  1217  1265  1242  1149  1330  
1242  1242  1116  1206  1256  1224  1211  1295  1234  1249  1258  1221  1248  1206  1194  1295  1240  1293  1191  1244  
1272  1217  1231  1234  1298  1183  1227  1229  1201  1221  1294  1247  1273  1222  1242  1173  1246  1276  1152  1190  
1197  1256  1226  1285  1301  1263  1235  1257  1196  1160  1280  1242  1311  1212  1268  1206  1307  1316  1241  1221  
1276  1247  1196  1357  1263  1202  1226  1309  1299  1244  1257  1287  1292  1251  1263  1264  1203  1305  1231  1255  
1245  1228  1284  1264  1312  1211  1331  1325  1219  1256  1229  1281  1259  1180  1227  1182  1250  1275  1307  1334  
1208  1293  1233  1254  1238  1266  1267  1264  1252  1200  1217  1270  1215  1196  1232  1237  1266  1288  1209  1219  
1284  1215  1291  1315  1190  1303  1278  1235  1254  1231  1276  1236  1287  1205  1304  1191  1245  1277  1159  1250  
1254  1298  1243  1288  1257  1209  1229  1232  1305  1224  1288  1241  1217  1233  1317  1163  1242  1274  1296  1311  
1276  1265  1261  1275  1326  1223  1240  1188  1315  1245  1265  1243  1212  1292  1242  1315  1290  1292  1243  1259  
1237  1211  1218  1317  1328  1309  1245  1260  1229  1186  1229  1234  1272  1282  1175  1235  1300  1253  1211  1257  
1274  1177  1211  1239  1219  1222  1337  1238  1291  1198  1232  1270  1207  1310  1298  1235  1205  1267  1238  1254  
1224  1237  1247  1287  1317  1319  1234  1277  1226  1286  1240  1204  1220  1181  1235  1298  1214  1222  1267  1297  
1296  1273  1231  1223  1220  1295  1277  1244  1284  1322  1252  1211  1268  1298  1245  1342  1274  1193  1200  1271  
