1.20112
1290  1306  1306  1173  1295  1229  1244  1244  1314  1238  1227  1164  1286  1209  1173  1278  1186  1217  1240  1239  
1175  1267  1258  1175  1267  1296  1241  1303  1308  1259  1233  1308  1256  1176  1228  1228  1259  1180  1275  1321  
1273  1257  1279  1272  1265  1304  1271  1241  1299  1265  1287  1224  1226  1235  1261  1282  1220  1219  1231  1284  
1212  1258  1217  1281  1277  1264  1278  1183  1294  1255  1271  1224  1322  1246  1286  1251  1254  1263  1277  1301  
1223  1234  1256  1253  1303  1300  1237  1240  1248  1339  1294  1251  1292  1288  1257  1281  1242  1230  1181  1272  
1230  1223  1192  1230  1226  1239  1223  1240  1191  1278  1301  1264  1225  1204  1292  1252  1216  1268  1208  1279  
1232  1308  1259  1235  1240  1211  1200  1253  1335  1218  1274  1184  1253  1212  1301  1244  1262  1223  1180  1171  
1246  1269  1278  1240  1301  1193  1240  1224  1217  1243  1238  1280  1225  1260  1255  1273  1199  1304  1250  1217  
1306  1277  1294  1224  1244  1231  1298  1270  1218  1258  1241  1240  1278  1256  1246  1229  1200  1284  1260  1264  
1228  1280  1188  1269  1262  1229  1275  1189  1317  1202  1258  1303  1243  1214  1274  1200  1208  1254  1308  1232  
1257  1229  1212  1284  1279  1263  1246  1232  1286  1267  1277  1276  1195  1236  1201  1316  1288  1211  1220  1281  
1297  1302  1203  1232  1243  1190  1251  1303  1285  1260  1239  1246  1229  1256  1306  1228  1242  1229  1195  1201  
1272  1264  1255  1215  1268  1248  1223  1259  1203  1272  1242  1310  1182  1202  1275  1264  1271  1246  1276  1304  
1305  1262  1177  1216  1297  1197  1310  1277  1246  1230  1307  1207  1214  1237  1208  1303  1197  1245  1180  1269  
1311  1226  1164  1253  1309  1192  1284  1198  1225  1189  1260  1284  1230  1294  1286  1233  1227  1262  1317  1202  
1309  1284  1270  1266  1224  1261  1193  1217  1276  1228  1227  1250  1302  1283  1249  1201  1295  1296  1293  1230  
1239  1238  1284  1255  1274  1215  1299  1248  1262  1363  1286  1347  1258  1237  1273  1266  1234  1218  1253  1221  
1214  1138  1228  1311  1255  1248  1258  1276  1227  1279  1238  1248  1264  1236  1263  1313  1323  1286  1207  1324  
1196  1177  1248  1254  1186  1263  1184  1274  1242  1265  1284  1273  1235  1255  1285  1312  1227  1181  1252  1280  
1223  1205  1175  1286  1272  1274  1285  1273  1227  1282  1242  1244  1206  1242  1276  1205  1236  1237  1223  1209  
