1.20109
1340  1188  1245  1266  1245  1246  1227  1305  1262  1257  1278  1281  1311  1315  1291  1288  1278  1176  1301  1250  
1202  1244  1215  1248  1229  1217  1283  1296  1269  1239  1289  1225  1336  1279  1248  1169  1313  1188  1152  1241  
1283  1260  1250  1291  1258  1245  1264  1243  1205  1275  1204  1215  1243  1229  1276  1320  1301  1292  1276  1248  
1326  1280  1282  1223  1271  1299  1238  1282  1231  1219  1217  1308  1215  1349  1276  1257  1222  1279  1261  1296  
1235  1305  1244  1304  1308  1177  1210  1314  1311  1293  1285  1289  1249  1219  1298  1210  1277  1279  1291  1245  
1181  1312  1194  1296  1209  1202  1276  1249  1326  1301  1210  1258  1276  1247  1180  1276  1235  1265  1232  1191  
1266  1266  1202  1191  1218  1256  1313  1291  1249  1263  1225  1254  1273  1259  1302  1241  1256  1301  1210  1229  
1183  1237  1253  1246  1282  1269  1253  1240  1284  1271  1301  1308  1241  1250  1213  1228  1259  1295  1177  1290  
1337  1228  1216  1193  1212  1240  1301  1324  1290  1207  1307  1228  1265  1248  1173  1210  1287  1194  1308  1214  
1276  1309  1189  1307  1211  1262  1251  1267  1179  1221  1198  1236  1254  1248  1218  1297  1255  1264  1254  1203  
1230  1231  1208  1247  1195  1227  1229  1188  1182  1254  1274  1229  1263  1275  1256  1207  1290  1206  1235  1206  
1241  1218  1307  1248  1323  1208  1232  1242  1283  1183  1202  1249  1229  1188  1245  1289  1275  1282  1228  1263  
1248  1242  1229  1285  1208  1267  1287  1226  1259  1243  1240  1264  1213  1266  1219  1241  1248  1318  1232  1256  
1255  1250  1241  1212  1203  1179  1244  1315  1357  1217  1224  1261  1331  1201  1229  1153  1198  1207  1215  1242  
1179  1249  1244  1162  1276  1241  1232  1177  1295  1214  1238  1261  1293  1279  1229  1240  1271  1239  1219  1230  
1151  1252  1210  1278  1280  1235  1295  1270  1286  1220  1199  1275  1209  1191  1281  1256  1217  1225  1204  1284  
1263  1276  1218  1188  1297  1225  1271  1245  1261  1259  1173  1312  1221  1248  1183  1278  1309  1242  1244  1234  
1248  1222  1296  1287  1280  1241  1243  1279  1242  1241  1281  1237  1266  1224  1151  1232  1288  1167  1302  1227  
1224  1241  1252  1319  1309  1231  1242  1317  1160  1281  1277  1189  1343  1198  1184  1213  1239  1267  1227  1273  
1209  1225  1229  1265  1231  1272  1283  1266  1280  1280  1300  1238  1237  1305  1218  1234  1208  1245  1267  1258  
