1.20139
1287  1215  1250  1284  1256  1250  1202  1289  1238  1325  1217  1220  1260  1207  1254  1239  1272  1228  1235  1273  
1268  1298  1218  1218  1298  1241  1267  1249  1213  1279  1183  1262  1211  1248  1195  1252  1240  1235  1243  1230  
1226  1288  1220  1270  1261  1232  1201  1216  1147  1220  1241  1265  1264  1236  1243  1356  1190  1237  1221  1280  
1217  1290  1230  1305  1302  1227  1278  1269  1257  1186  1253  1179  1185  1250  1332  1296  1271  1255  1212  1335  
1275  1276  1221  1248  1318  1256  1247  1249  1342  1253  1229  1195  1266  1232  1293  1268  1264  1211  1227  1223  
1208  1224  1255  1255  1184  1135  1239  1202  1221  1278  1244  1230  1261  1234  1191  1220  1312  1244  1260  1232  
1331  1187  1302  1234  1271  1283  1252  1223  1253  1284  1238  1273  1169  1245  1229  1257  1181  1223  1253  1310  
1277  1265  1294  1312  1305  1206  1225  1231  1269  1185  1207  1361  1231  1287  1254  1347  1263  1253  1256  1263  
1176  1244  1222  1194  1313  1217  1269  1239  1297  1216  1228  1269  1180  1264  1287  1279  1270  1298  1223  1254  
1268  1191  1234  1311  1188  1236  1318  1235  1227  1227  1334  1195  1250  1240  1344  1239  1212  1204  1252  1263  
1181  1303  1243  1297  1205  1256  1169  1296  1191  1260  1259  1262  1180  1258  1241  1339  1265  1245  1243  1236  
1174  1212  1248  1234  1271  1236  1251  1338  1249  1243  1289  1184  1300  1236  1325  1255  1295  1294  1287  1302  
1224  1283  1278  1271  1288  1243  1250  1239  1213  1274  1337  1285  1259  1217  1255  1254  1222  1187  1267  1318  
1251  1194  1262  1245  1291  1306  1204  1258  1243  1290  1260  1253  1243  1166  1209  1273  1239  1271  1265  1261  
1241  1267  1290  1280  1263  1229  1241  1198  1263  1267  1278  1266  1255  1243  1257  1294  1281  1262  1226  1253  
1256  1249  1290  1253  1231  1232  1221  1271  1260  1259  1278  1254  1250  1301  1316  1274  1262  1239  1288  1279  
1262  1245  1205  1192  1278  1274  1215  1248  1290  1204  1245  1271  1260  1269  1248  1232  1254  1349  1191  1200  
1243  1280  1217  1297  1308  1264  1264  1300  1252  1287  1241  1199  1228  1268  1230  1271  1298  1170  1270  1301  
1247  1190  1184  1243  1193  1213  1194  1268  1230  1204  1269  1285  1293  1215  1208  1212  1207  1181  1275  1276  
1244  1258  1325  1280  1265  1242  1237  1242  1283  1220  1190  1309  1294  1240  1234  1264  1258  1254  1265  1202  
