1.19718
1231  1147  1269  1246  1222  1220  1299  1211  1204  1251  1181  1317  1291  1261  1240  1209  1306  1271  1212  1218  
1233  1261  1254  1280  1321  1267  1180  1228  1269  1258  1219  1196  1250  1291  1236  1265  1275  1304  1250  1232  
1189  1305  1257  1226  1286  1321  1174  1199  1243  1271  1239  1315  1218  1263  1170  1222  1201  1257  1260  1184  
1292  1300  1273  1304  1233  1270  1205  1194  1225  1251  1234  1229  1180  1182  1292  1259  1225  1277  1309  1226  
1265  1262  1255  1297  1258  1327  1243  1196  1248  1208  1234  1257  1176  1237  1215  1246  1155  1228  1248  1204  
1203  1291  1285  1220  1268  1253  1342  1291  1244  1294  1247  1262  1329  1215  1211  1299  1293  1300  1282  1233  
1198  1291  1181  1262  1276  1318  1198  1198  1253  1185  1246  1253  1275  1256  1235  1238  1232  1189  1346  1264  
1223  1246  1297  1253  1283  1279  1282  1217  1241  1233  1265  1274  1308  1265  1281  1246  1260  1233  1282  1217  
1220  1219  1242  1223  1249  1264  1263  1236  1231  1256  1219  1223  1251  1220  1221  1244  1266  1288  1251  1265  
1234  1189  1252  1305  1254  1246  1198  1222  1186  1266  1178  1256  1308  1301  1195  1234  1203  1257  1304  1300  
1253  1246  1263  1272  1233  1329  1241  1165  1229  1218  1284  1281  1231  1269  1151  1220  1250  1205  1277  1242  
1336  1287  1199  1257  1278  1248  1316  1187  1286  1173  1220  1192  1250  1276  1237  1195  1311  1188  1269  1208  
1255  1220  1258  1304  1196  1207  1222  1282  1239  1169  1178  1288  1222  1191  1144  1337  1188  1179  1274  1323  
1286  1251  1264  1261  1260  1304  1213  1256  1227  1249  1191  1228  1311  1162  1192  1199  1324  1265  1193  1222  
1233  1267  1235  1398  1292  1213  1268  1216  1217  1267  1309  1274  1258  1285  1180  1244  1249  1231  1368  1296  
1219  1246  1257  1275  1256  1270  1311  1225  1299  1230  1276  1234  1237  1198  1267  1157  1166  1229  1234  1260  
1286  1264  1226  1251  1260  1287  1239  1223  1262  1216  1242  1306  1233  1251  1242  1179  1232  1233  1209  1176  
1232  1237  1253  1242  1279  1222  1275  1221  1260  1276  1225  1165  1276  1206  1243  1316  1243  1201  1250  1196  
1278  1239  1225  1216  1252  1193  1275  1150  1273  1324  1222  1314  1209  1264  1225  1218  1232  1295  1216  1190  
1255  1278  1306  1285  1219  1292  1196  1237  1195  1265  1215  1338  1250  1285  1206  1178  1216  1252  1313  1245  
