1.19911
1269  1194  1244  1218  1307  1227  1212  1252  1227  1280  1262  1303  1274  1239  1218  1266  1220  1250  1201  1304  
1241  1191  1288  1175  1244  1187  1230  1206  1245  1250  1282  1220  1294  1270  1290  1290  1204  1273  1243  1274  
1198  1262  1219  1243  1231  1258  1265  1280  1323  1234  1179  1194  1245  1307  1242  1255  1210  1221  1230  1233  
1262  1254  1243  1295  1274  1250  1240  1249  1240  1255  1209  1349  1272  1268  1306  1212  1270  1269  1222  1239  
1290  1256  1303  1239  1219  1278  1206  1276  1252  1202  1224  1265  1246  1272  1242  1230  1184  1194  1279  1244  
1280  1269  1229  1261  1219  1212  1244  1209  1284  1273  1296  1263  1226  1226  1226  1222  1365  1291  1195  1306  
1284  1201  1291  1237  1261  1259  1202  1232  1241  1203  1265  1317  1263  1243  1290  1183  1247  1305  1308  1249  
1222  1221  1198  1301  1258  1305  1199  1264  1309  1226  1229  1235  1217  1281  1253  1276  1330  1310  1270  1171  
1277  1285  1377  1283  1215  1218  1281  1247  1239  1230  1244  1238  1248  1275  1308  1278  1248  1253  1203  1183  
1283  1225  1207  1279  1168  1279  1291  1315  1328  1288  1257  1214  1194  1242  1178  1192  1206  1259  1236  1298  
1248  1250  1220  1235  1285  1251  1274  1261  1228  1245  1257  1246  1218  1281  1217  1251  1229  1197  1251  1212  
1237  1236  1233  1216  1248  1282  1297  1193  1220  1299  1253  1262  1265  1259  1193  1223  1188  1232  1228  1262  
1226  1223  1301  1212  1238  1198  1234  1235  1240  1164  1196  1180  1180  1272  1339  1269  1253  1269  1223  1176  
1235  1191  1261  1285  1259  1264  1287  1338  1215  1314  1184  1236  1207  1224  1236  1226  1274  1196  1194  1244  
1245  1237  1250  1335  1299  1222  1223  1312  1283  1268  1270  1276  1257  1287  1278  1216  1189  1344  1200  1269  
1235  1263  1247  1294  1176  1248  1213  1243  1240  1298  1240  1244  1230  1266  1190  1300  1241  1329  1267  1215  
1255  1289  1289  1208  1325  1278  1271  1246  1246  1246  1286  1217  1275  1244  1248  1187  1217  1335  1227  1228  
1264  1348  1284  1258  1298  1236  1190  1240  1297  1227  1254  1165  1237  1312  1215  1246  1222  1245  1230  1201  
1256  1266  1294  1233  1250  1247  1209  1279  1145  1258  1219  1225  1230  1251  1281  1167  1231  1220  1224  1253  
1268  1295  1157  1200  1291  1291  1273  1258  1207  1237  1322  1319  1190  1216  1255  1247  1231  1227  1223  1256  
