1.20066
1203  1264  1283  1264  1214  1331  1308  1281  1215  1252  1288  1267  1232  1158  1271  1249  1241  1209  1261  1238  
1256  1250  1272  1267  1324  1269  1285  1284  1200  1346  1267  1262  1288  1220  1288  1233  1244  1226  1214  1278  
1248  1225  1255  1283  1258  1302  1290  1330  1224  1232  1312  1221  1250  1260  1301  1289  1205  1182  1324  1216  
1222  1198  1287  1273  1174  1241  1256  1250  1230  1262  1234  1290  1249  1175  1332  1314  1274  1302  1309  1269  
1191  1192  1232  1218  1277  1246  1196  1303  1254  1246  1252  1259  1291  1288  1264  1205  1152  1224  1248  1158  
1298  1238  1203  1279  1193  1202  1208  1231  1239  1230  1238  1242  1260  1263  1280  1221  1251  1207  1288  1284  
1272  1258  1228  1245  1240  1268  1273  1252  1308  1243  1216  1301  1151  1224  1238  1279  1295  1263  1246  1266  
1214  1292  1203  1257  1306  1168  1187  1219  1215  1152  1290  1251  1184  1257  1224  1253  1218  1267  1282  1271  
1254  1275  1232  1201  1246  1240  1288  1290  1202  1248  1240  1213  1296  1240  1223  1258  1284  1243  1233  1305  
1179  1254  1237  1230  1213  1285  1271  1308  1259  1258  1247  1245  1220  1254  1143  1238  1287  1287  1253  1308  
1226  1284  1229  1305  1227  1176  1226  1250  1235  1188  1215  1201  1243  1318  1176  1246  1244  1274  1281  1208  
1247  1252  1256  1334  1248  1288  1281  1316  1155  1233  1157  1208  1218  1204  1338  1235  1302  1229  1198  1256  
1234  1252  1220  1283  1228  1263  1251  1270  1238  1242  1222  1259  1272  1292  1284  1241  1321  1215  1273  1281  
1191  1246  1182  1266  1265  1250  1201  1260  1228  1259  1240  1279  1198  1233  1293  1340  1213  1235  1293  1203  
1302  1215  1300  1294  1209  1250  1248  1301  1208  1305  1252  1229  1269  1289  1244  1188  1227  1226  1243  1269  
1252  1203  1291  1199  1198  1306  1290  1302  1235  1305  1195  1290  1237  1286  1197  1289  1280  1315  1249  1252  
1203  1297  1246  1260  1317  1252  1224  1293  1226  1236  1252  1244  1287  1217  1241  1198  1267  1288  1225  1234  
1258  1207  1286  1223  1282  1217  1280  1310  1272  1314  1297  1280  1190  1257  1368  1235  1201  1229  1343  1286  
1186  1198  1196  1221  1217  1229  1170  1288  1284  1288  1246  1224  1309  1210  1220  1246  1240  1283  1266  1252  
1232  1229  1236  1282  1292  1278  1296  1256  1261  1296  1265  1226  1319  1200  1234  1291  1206  1248  1310  1271  
