1.20025
1214  1221  1246  1212  1187  1268  1284  1259  1232  1177  1173  1267  1247  1268  1251  1267  1280  1230  1280  1295  
1273  1225  1265  1238  1206  1262  1303  1272  1246  1231  1253  1233  1307  1267  1207  1313  1213  1271  1239  1303  
1292  1205  1256  1267  1187  1272  1224  1304  1247  1208  1250  1236  1224  1285  1235  1191  1233  1253  1241  1180  
1265  1220  1181  1203  1317  1254  1245  1265  1302  1284  1224  1256  1229  1229  1279  1274  1243  1224  1221  1283  
1209  1219  1263  1272  1274  1280  1272  1245  1226  1229  1293  1213  1223  1216  1166  1208  1235  1281  1307  1299  
1261  1252  1236  1279  1288  1262  1323  1255  1220  1208  1229  1289  1206  1272  1297  1223  1208  1202  1220  1205  
1300  1290  1227  1280  1203  1260  1287  1224  1255  1226  1262  1201  1203  1187  1203  1222  1324  1256  1274  1227  
1241  1286  1222  1342  1245  1238  1275  1165  1228  1283  1203  1230  1264  1279  1260  1285  1290  1274  1214  1225  
1225  1270  1231  1222  1224  1260  1178  1258  1277  1236  1218  1227  1244  1185  1283  1311  1358  1251  1263  1304  
1280  1286  1281  1256  1290  1243  1247  1311  1274  1218  1197  1213  1276  1282  1317  1264  1222  1140  1277  1329  
1254  1213  1192  1244  1242  1272  1274  1250  1245  1317  1255  1232  1323  1272  1284  1234  1329  1257  1249  1243  
1307  1251  1206  1297  1270  1288  1230  1277  1269  1263  1203  1291  1263  1297  1240  1246  1274  1290  1215  1232  
1214  1274  1233  1226  1200  1209  1266  1291  1265  1212  1288  1224  1252  1215  1295  1196  1275  1318  1264  1255  
1259  1263  1198  1260  1268  1272  1224  1286  1271  1283  1222  1250  1295  1277  1216  1251  1282  1307  1226  1198  
1175  1221  1236  1170  1404  1282  1224  1230  1268  1200  1219  1214  1303  1264  1260  1283  1143  1257  1206  1306  
1225  1239  1351  1233  1247  1253  1278  1299  1264  1314  1219  1256  1217  1251  1267  1144  1256  1245  1273  1295  
1258  1271  1192  1262  1270  1274  1260  1258  1133  1232  1241  1312  1289  1284  1235  1271  1239  1286  1284  1200  
1285  1234  1242  1196  1216  1327  1189  1225  1248  1234  1261  1253  1293  1232  1270  1228  1243  1193  1215  1258  
1232  1273  1235  1386  1263  1292  1233  1219  1232  1272  1273  1193  1279  1228  1191  1219  1218  1251  1214  1247  
1232  1265  1209  1189  1212  1353  1190  1287  1253  1206  1191  1281  1218  1254  1260  1266  1247  1276  1236  1260  
