1.20065
1240  1283  1211  1280  1241  1247  1302  1295  1220  1213  1280  1297  1229  1380  1263  1267  1261  1251  1207  1292  
1253  1217  1240  1267  1241  1270  1252  1220  1218  1194  1282  1237  1219  1258  1235  1237  1175  1206  1228  1229  
1215  1279  1233  1254  1304  1238  1368  1220  1283  1293  1213  1292  1311  1194  1242  1271  1223  1249  1263  1246  
1226  1250  1293  1372  1199  1268  1207  1234  1251  1187  1254  1266  1269  1222  1321  1259  1263  1229  1268  1263  
1298  1245  1186  1283  1252  1209  1246  1246  1224  1261  1253  1333  1259  1262  1311  1237  1336  1301  1248  1275  
1234  1339  1238  1259  1205  1195  1258  1275  1259  1286  1230  1219  1231  1282  1280  1284  1255  1279  1213  1266  
1183  1263  1262  1278  1249  1273  1269  1224  1205  1332  1291  1251  1258  1269  1277  1271  1223  1290  1284  1226  
1306  1258  1198  1228  1281  1231  1203  1251  1241  1206  1187  1284  1221  1258  1195  1190  1291  1329  1242  1257  
1264  1296  1243  1234  1294  1275  1265  1253  1168  1216  1188  1288  1219  1257  1194  1278  1211  1270  1239  1240  
1236  1250  1213  1253  1236  1236  1267  1235  1262  1305  1252  1238  1208  1311  1226  1256  1228  1245  1181  1204  
1198  1227  1156  1297  1177  1200  1236  1312  1298  1284  1265  1223  1233  1266  1249  1257  1169  1168  1247  1253  
1275  1218  1218  1275  1224  1221  1253  1234  1150  1241  1291  1217  1287  1197  1237  1274  1276  1228  1281  1294  
1238  1310  1285  1283  1183  1287  1221  1222  1301  1252  1277  1228  1277  1247  1270  1333  1271  1291  1231  1336  
1213  1243  1324  1216  1248  1196  1302  1244  1214  1213  1208  1190  1203  1274  1265  1251  1213  1218  1273  1199  
1267  1239  1238  1213  1228  1232  1228  1253  1285  1316  1262  1220  1196  1322  1219  1232  1255  1269  1271  1220  
1186  1262  1315  1174  1276  1286  1205  1192  1269  1242  1250  1240  1260  1294  1299  1263  1345  1230  1145  1267  
1232  1235  1272  1245  1261  1250  1304  1235  1271  1305  1302  1307  1229  1215  1242  1228  1237  1315  1249  1252  
1226  1242  1314  1222  1209  1214  1283  1218  1321  1255  1217  1233  1303  1236  1159  1292  1298  1284  1266  1263  
1265  1223  1225  1279  1237  1266  1225  1275  1240  1242  1279  1233  1265  1286  1304  1221  1313  1212  1284  1192  
1199  1292  1261  1222  1299  1278  1268  1237  1337  1265  1244  1238  1267  1281  1188  1251  1258  1239  1225  1354  
