1.20058
1278  1244  1210  1328  1253  1246  1244  1271  1247  1252  1196  1250  1228  1240  1262  1272  1216  1314  1244  1258  
1208  1289  1190  1187  1227  1250  1274  1257  1249  1267  1288  1194  1219  1267  1212  1296  1226  1282  1296  1178  
1317  1256  1224  1268  1286  1287  1307  1219  1248  1255  1282  1199  1209  1276  1224  1230  1226  1206  1271  1266  
1271  1251  1232  1317  1193  1288  1292  1231  1195  1214  1270  1202  1265  1232  1198  1221  1305  1289  1297  1181  
1300  1221  1209  1264  1284  1245  1236  1231  1256  1226  1217  1180  1229  1315  1252  1295  1199  1270  1208  1293  
1271  1244  1225  1278  1263  1243  1237  1195  1233  1270  1321  1248  1288  1255  1230  1246  1231  1215  1367  1181  
1313  1283  1229  1157  1295  1238  1284  1293  1197  1229  1242  1188  1191  1246  1275  1235  1208  1187  1205  1226  
1285  1232  1229  1242  1227  1279  1198  1230  1206  1178  1277  1239  1320  1301  1253  1246  1286  1283  1208  1342  
1293  1258  1257  1257  1315  1208  1288  1298  1271  1272  1309  1277  1198  1212  1329  1308  1281  1251  1271  1274  
1229  1257  1187  1221  1264  1260  1277  1261  1163  1215  1276  1202  1175  1190  1273  1259  1281  1231  1270  1204  
1298  1256  1270  1306  1215  1269  1288  1302  1322  1287  1254  1296  1260  1205  1312  1313  1227  1329  1252  1279  
1113  1294  1333  1232  1201  1233  1277  1238  1319  1233  1289  1245  1185  1293  1280  1207  1250  1261  1193  1285  
1260  1268  1255  1202  1215  1304  1200  1219  1221  1234  1297  1207  1246  1186  1358  1243  1273  1258  1212  1200  
1290  1212  1275  1217  1255  1271  1280  1264  1250  1262  1332  1298  1266  1287  1315  1265  1259  1259  1253  1248  
1257  1264  1247  1328  1293  1218  1354  1269  1258  1278  1264  1260  1191  1346  1236  1277  1243  1276  1267  1259  
1268  1202  1240  1316  1266  1197  1266  1246  1267  1277  1223  1281  1274  1190  1266  1273  1272  1195  1231  1244  
1245  1242  1257  1214  1197  1230  1272  1232  1251  1214  1325  1383  1251  1275  1324  1308  1215  1186  1154  1249  
1181  1200  1266  1282  1355  1203  1167  1271  1170  1219  1225  1268  1289  1250  1234  1252  1258  1285  1251  1239  
1175  1238  1242  1192  1311  1197  1317  1289  1238  1194  1215  1229  1251  1175  1297  1145  1247  1241  1254  1260  
1199  1282  1204  1268  1257  1232  1268  1260  1232  1321  1211  1285  1256  1247  1294  1298  1191  1228  1267  1226  
