1.19868
1260  1302  1236  1188  1195  1253  1221  1216  1242  1314  1198  1236  1197  1306  1272  1240  1248  1214  1236  1240  
1290  1228  1295  1289  1175  1206  1180  1254  1170  1200  1206  1221  1208  1244  1266  1238  1279  1283  1284  1204  
1288  1238  1175  1215  1211  1217  1218  1214  1293  1323  1246  1266  1311  1342  1274  1243  1215  1272  1205  1274  
1311  1315  1269  1274  1286  1314  1262  1272  1249  1288  1245  1276  1222  1340  1203  1260  1278  1256  1243  1221  
1266  1171  1172  1242  1210  1242  1312  1300  1250  1205  1234  1187  1249  1212  1320  1249  1279  1306  1241  1277  
1358  1256  1236  1257  1263  1252  1278  1319  1265  1219  1178  1261  1274  1260  1239  1274  1284  1278  1187  1291  
1229  1184  1221  1292  1243  1209  1284  1258  1299  1248  1230  1352  1191  1248  1245  1246  1263  1267  1301  1220  
1196  1302  1239  1226  1300  1297  1262  1203  1242  1256  1183  1186  1225  1260  1221  1253  1304  1275  1234  1214  
1277  1220  1228  1243  1289  1218  1246  1261  1295  1212  1284  1314  1254  1236  1259  1358  1264  1272  1285  1251  
1280  1201  1276  1157  1229  1255  1277  1296  1254  1266  1232  1278  1203  1264  1243  1229  1210  1342  1220  1287  
1306  1202  1206  1233  1200  1289  1292  1193  1221  1214  1227  1201  1228  1191  1204  1223  1271  1292  1275  1271  
1212  1228  1289  1247  1349  1217  1218  1213  1263  1253  1230  1190  1203  1238  1139  1231  1178  1213  1257  1226  
1194  1215  1193  1190  1278  1296  1259  1302  1175  1195  1192  1276  1279  1205  1256  1232  1226  1219  1259  1197  
1295  1248  1312  1273  1241  1263  1209  1219  1239  1230  1250  1282  1237  1254  1201  1282  1234  1293  1247  1318  
1228  1204  1171  1218  1179  1274  1223  1203  1254  1216  1229  1216  1228  1265  1208  1276  1243  1238  1255  1214  
1295  1230  1243  1249  1258  1236  1223  1273  1270  1223  1120  1276  1234  1240  1253  1312  1282  1243  1274  1261  
1252  1223  1197  1280  1241  1278  1203  1311  1246  1205  1203  1235  1262  1254  1297  1216  1236  1191  1223  1223  
1272  1237  1254  1281  1309  1309  1234  1257  1233  1242  1292  1262  1269  1214  1269  1328  1218  1278  1261  1179  
1226  1222  1298  1284  1247  1300  1235  1245  1227  1265  1273  1217  1229  1222  1254  1262  1225  1264  1235  1252  
1174  1214  1240  1246  1302  1253  1280  1256  1217  1157  1257  1198  1240  1291  1287  1235  1248  1266  1235  1277  
