1.19696
1248  1202  1246  1228  1247  1227  1233  1187  1270  1196  1243  1258  1195  1299  1218  1317  1283  1221  1195  1184  
1300  1297  1212  1221  1216  1251  1187  1251  1174  1267  1253  1168  1319  1218  1304  1251  1255  1152  1352  1226  
1276  1248  1248  1250  1249  1243  1272  1294  1250  1294  1252  1209  1302  1287  1245  1252  1243  1237  1260  1184  
1206  1329  1212  1284  1354  1243  1328  1238  1267  1302  1237  1308  1290  1267  1224  1286  1288  1256  1267  1221  
1217  1265  1253  1158  1238  1316  1257  1238  1255  1239  1279  1296  1268  1283  1216  1271  1265  1335  1216  1242  
1240  1240  1266  1327  1303  1362  1285  1185  1268  1190  1280  1268  1288  1260  1179  1224  1155  1271  1164  1230  
1244  1207  1292  1309  1278  1245  1245  1226  1220  1275  1285  1299  1229  1243  1286  1287  1276  1290  1273  1270  
1202  1248  1303  1237  1264  1195  1238  1218  1264  1258  1267  1257  1194  1253  1240  1259  1279  1226  1257  1280  
1253  1260  1207  1246  1221  1259  1183  1226  1222  1206  1249  1227  1297  1218  1285  1296  1240  1257  1267  1280  
1234  1170  1297  1281  1304  1272  1199  1277  1245  1257  1297  1263  1271  1222  1252  1231  1266  1243  1205  1259  
1162  1225  1240  1181  1239  1207  1306  1207  1249  1232  1255  1208  1229  1259  1264  1202  1248  1231  1276  1205  
1221  1298  1208  1248  1242  1224  1128  1257  1299  1245  1175  1242  1310  1199  1236  1272  1181  1277  1174  1269  
1220  1243  1286  1211  1220  1244  1259  1260  1143  1286  1306  1196  1229  1187  1211  1254  1210  1244  1163  1229  
1281  1185  1223  1333  1249  1255  1239  1216  1269  1282  1168  1254  1242  1245  1217  1249  1225  1244  1315  1230  
1297  1270  1339  1265  1178  1224  1168  1189  1239  1273  1205  1241  1205  1273  1300  1344  1281  1240  1204  1237  
1286  1225  1266  1189  1247  1316  1221  1225  1248  1228  1298  1221  1337  1223  1280  1208  1256  1288  1279  1225  
1199  1265  1281  1260  1234  1294  1230  1251  1282  1275  1183  1285  1227  1277  1215  1220  1289  1235  1214  1339  
1293  1217  1240  1203  1267  1210  1260  1307  1304  1203  1226  1181  1228  1242  1351  1238  1220  1245  1185  1235  
1249  1294  1253  1203  1313  1256  1252  1221  1183  1289  1163  1203  1197  1291  1288  1242  1213  1235  1296  1294  
1279  1203  1265  1208  1304  1297  1298  1249  1311  1271  1235  1219  1237  1307  1200  1285  1162  1223  1239  1315  
