1.20004
1204  1256  1286  1248  1268  1238  1235  1282  1262  1185  1289  1230  1243  1274  1225  1293  1269  1237  1282  1301  
1277  1263  1219  1248  1175  1250  1295  1271  1208  1250  1215  1184  1301  1218  1284  1309  1239  1219  1278  1269  
1239  1201  1196  1241  1213  1314  1235  1287  1210  1223  1283  1199  1193  1198  1263  1234  1271  1220  1230  1197  
1226  1241  1216  1239  1191  1277  1253  1277  1288  1311  1305  1225  1228  1231  1176  1294  1249  1190  1277  1271  
1280  1153  1253  1205  1278  1185  1318  1226  1265  1258  1225  1280  1234  1187  1281  1261  1252  1150  1259  1331  
1273  1242  1231  1230  1282  1231  1244  1213  1222  1261  1213  1245  1305  1294  1263  1213  1303  1230  1193  1289  
1275  1232  1193  1198  1298  1210  1262  1290  1228  1174  1275  1286  1223  1196  1261  1218  1308  1282  1236  1263  
1308  1278  1237  1239  1260  1221  1211  1261  1261  1232  1255  1293  1174  1290  1150  1297  1198  1284  1297  1220  
1282  1259  1256  1324  1208  1251  1249  1322  1267  1269  1264  1255  1261  1249  1264  1157  1344  1259  1273  1224  
1260  1242  1276  1331  1264  1303  1225  1215  1226  1242  1240  1251  1275  1363  1282  1284  1266  1264  1311  1305  
1242  1215  1278  1152  1291  1314  1260  1289  1270  1343  1270  1230  1198  1245  1190  1317  1232  1274  1224  1279  
1275  1269  1233  1176  1277  1312  1230  1281  1270  1247  1210  1224  1221  1294  1216  1247  1295  1282  1238  1222  
1252  1229  1209  1240  1226  1282  1251  1248  1249  1296  1295  1262  1270  1168  1171  1161  1248  1238  1212  1233  
1278  1282  1255  1206  1259  1192  1185  1274  1282  1217  1229  1275  1232  1296  1235  1246  1265  1281  1198  1187  
1236  1272  1227  1264  1291  1297  1226  1232  1198  1214  1285  1209  1286  1309  1264  1202  1211  1312  1231  1306  
1242  1250  1262  1262  1198  1232  1212  1272  1241  1205  1202  1203  1250  1267  1247  1269  1250  1264  1183  1260  
1235  1250  1196  1227  1263  1301  1289  1227  1254  1259  1256  1312  1191  1230  1247  1223  1249  1252  1195  1302  
1298  1186  1194  1258  1181  1344  1288  1310  1225  1263  1232  1187  1240  1278  1274  1242  1205  1221  1204  1211  
1234  1279  1255  1185  1225  1298  1210  1253  1255  1290  1274  1234  1247  1294  1223  1255  1267  1210  1247  1247  
1207  1297  1265  1239  1298  1257  1226  1260  1237  1290  1273  1201  1277  1276  1236  1256  1315  1228  1267  1294  
