1.20197
1219  1295  1304  1236  1292  1184  1253  1268  1227  1301  1248  1303  1190  1235  1214  1167  1202  1224  1265  1227  
1285  1257  1269  1341  1236  1276  1263  1246  1266  1290  1271  1324  1250  1244  1197  1270  1186  1254  1252  1262  
1241  1234  1251  1256  1228  1240  1316  1266  1317  1234  1213  1291  1229  1324  1251  1201  1218  1268  1235  1204  
1222  1295  1257  1231  1192  1305  1269  1230  1214  1281  1254  1278  1244  1203  1223  1254  1233  1282  1283  1267  
1286  1184  1257  1214  1296  1248  1216  1250  1263  1324  1239  1183  1211  1263  1277  1230  1196  1288  1254  1220  
1228  1227  1216  1181  1218  1208  1182  1202  1224  1186  1225  1251  1297  1222  1232  1284  1359  1286  1212  1282  
1295  1288  1354  1207  1253  1191  1301  1261  1288  1293  1251  1314  1235  1266  1283  1237  1259  1255  1341  1219  
1210  1333  1310  1263  1274  1201  1173  1201  1284  1218  1266  1200  1249  1186  1202  1210  1241  1252  1224  1228  
1312  1262  1293  1228  1234  1273  1214  1195  1310  1250  1236  1197  1293  1304  1220  1271  1294  1272  1285  1284  
1195  1261  1228  1218  1244  1259  1230  1252  1278  1182  1277  1251  1225  1207  1227  1242  1248  1268  1272  1237  
1242  1318  1336  1254  1181  1273  1294  1317  1278  1251  1271  1170  1240  1250  1249  1206  1189  1236  1214  1260  
1218  1262  1219  1257  1289  1268  1286  1223  1305  1253  1219  1242  1166  1260  1299  1190  1174  1235  1305  1216  
1302  1207  1240  1244  1305  1234  1242  1219  1222  1216  1250  1225  1232  1287  1256  1290  1245  1255  1245  1287  
1251  1252  1268  1258  1229  1277  1257  1280  1310  1262  1242  1298  1225  1238  1272  1183  1221  1296  1253  1247  
1196  1252  1262  1274  1214  1205  1287  1236  1202  1286  1277  1202  1312  1305  1289  1161  1264  1238  1334  1288  
1294  1262  1246  1270  1326  1339  1283  1211  1227  1247  1255  1295  1261  1240  1196  1327  1235  1204  1263  1257  
1308  1172  1216  1259  1218  1318  1300  1262  1349  1189  1254  1266  1275  1213  1302  1291  1249  1302  1292  1304  
1230  1258  1255  1220  1300  1218  1273  1213  1265  1266  1218  1235  1276  1246  1207  1221  1265  1233  1258  1278  
1212  1267  1224  1289  1263  1317  1306  1281  1279  1325  1275  1176  1194  1277  1266  1201  1230  1237  1287  1287  
1250  1314  1272  1236  1218  1188  1236  1188  1256  1235  1354  1260  1246  1272  1258  1186  1207  1318  1274  1257  
