1.20116
1202  1236  1236  1273  1274  1235  1317  1296  1270  1275  1324  1259  1296  1244  1234  1238  1220  1259  1240  1219  
1245  1213  1273  1252  1227  1233  1284  1221  1314  1289  1227  1216  1297  1242  1276  1207  1222  1176  1197  1186  
1273  1265  1281  1276  1206  1164  1225  1273  1284  1238  1224  1229  1280  1204  1268  1256  1195  1302  1254  1267  
1231  1189  1202  1226  1256  1255  1248  1274  1214  1247  1351  1222  1208  1262  1264  1276  1256  1198  1324  1262  
1240  1197  1212  1230  1264  1287  1273  1214  1317  1172  1288  1268  1187  1242  1268  1221  1194  1224  1326  1265  
1263  1279  1214  1351  1235  1170  1280  1205  1281  1234  1173  1249  1219  1340  1261  1178  1283  1236  1283  1207  
1283  1188  1265  1217  1254  1215  1210  1223  1239  1266  1232  1355  1272  1274  1196  1244  1192  1254  1241  1356  
1237  1227  1252  1237  1260  1323  1250  1333  1226  1313  1226  1280  1259  1268  1226  1297  1295  1238  1269  1236  
1162  1267  1293  1251  1277  1185  1256  1277  1266  1225  1197  1313  1185  1232  1254  1222  1274  1221  1218  1285  
1266  1243  1221  1263  1280  1292  1222  1233  1158  1266  1211  1301  1297  1263  1234  1261  1186  1258  1302  1254  
1247  1298  1366  1208  1231  1341  1242  1239  1184  1215  1268  1278  1265  1134  1258  1181  1220  1330  1254  1235  
1203  1191  1229  1172  1277  1277  1215  1230  1247  1279  1222  1237  1259  1206  1244  1213  1229  1279  1339  1267  
1276  1196  1274  1314  1311  1220  1338  1245  1300  1210  1304  1234  1165  1250  1283  1245  1215  1280  1271  1315  
1299  1264  1219  1243  1185  1355  1206  1243  1212  1190  1254  1319  1294  1226  1252  1264  1338  1333  1224  1229  
1206  1283  1282  1187  1241  1282  1303  1265  1212  1282  1219  1290  1216  1234  1249  1240  1275  1207  1223  1253  
1231  1246  1303  1295  1176  1291  1303  1192  1258  1235  1275  1243  1277  1214  1247  1264  1266  1303  1286  1273  
1212  1230  1301  1174  1230  1250  1170  1206  1281  1294  1276  1214  1235  1287  1322  1252  1225  1273  1280  1283  
1215  1229  1315  1240  1216  1260  1307  1170  1238  1301  1229  1331  1235  1240  1246  1256  1297  1193  1243  1252  
1246  1235  1167  1262  1284  1285  1253  1294  1287  1269  1228  1268  1314  1213  1300  1296  1205  1284  1252  1255  
1284  1269  1268  1183  1361  1248  1250  1310  1247  1260  1244  1264  1319  1265  1173  1288  1227  1186  1288  1310  
